GENER
03M 1  010                  38     MASS  0.000     0.000     0.000     0
 0.0000000E+00 0.1728000E+06 0.2764800E+07 0.5443200E+07
 0.8035200E+07 0.1071360E+08 0.1339200E+08 0.1581120E+08
 0.1848960E+08 0.2108160E+08 0.2376000E+08 0.2635200E+08
 0.2972160E+08 0.2989440E+08 0.3248640E+08 0.3516480E+08
 0.3775680E+08 0.4043520E+08 0.4311360E+08 0.4553280E+08
 0.4821120E+08 0.5080320E+08 0.5348160E+08 0.5607360E+08
 0.5875200E+08 0.6143040E+08 0.6402240E+08 0.6575040E+08
 0.6834240E+08 0.7093440E+08 0.7352640E+08 0.7611840E+08
 0.7871040E+08 0.8130240E+08 0.8389440E+08 0.8665920E+08
 0.8925120E+08 0.3153600E+09
-0.3195747E+01-0.2572921E+01-0.2120818E+01-0.2234757E+01
-0.2159147E+01-0.2260745E+01-0.2355018E+01-0.2291827E+01
-0.2220733E+01-0.2197573E+01-0.2214595E+01-0.2397106E+01
-0.3195747E+01-0.2572921E+01-0.2120818E+01-0.2234757E+01
-0.2159147E+01-0.2260745E+01-0.2355018E+01-0.2291827E+01
-0.2220733E+01-0.2197573E+01-0.2214595E+01-0.2397106E+01
-0.2226064E+01-0.2319448E+01-0.2421406E+01-0.2373125E+01
-0.2081644E+01-0.1420386E+01-0.2498175E+01-0.1883067E+01
-0.1492639E+01-0.1635525E+01-0.1276725E+01-0.2054322E+01
 0.0000000E+00 0.0000000E+00
08b 1  020                  38     MASS  0.000     0.000     0.000     0
 0.0000000E+00 0.1728000E+06 0.2764800E+07 0.5443200E+07
 0.8035200E+07 0.1071360E+08 0.1339200E+08 0.1581120E+08
 0.1848960E+08 0.2108160E+08 0.2376000E+08 0.2635200E+08
 0.2972160E+08 0.2989440E+08 0.3248640E+08 0.3516480E+08
 0.3775680E+08 0.4043520E+08 0.4311360E+08 0.4553280E+08
 0.4821120E+08 0.5080320E+08 0.5348160E+08 0.5607360E+08
 0.5875200E+08 0.6143040E+08 0.6402240E+08 0.6575040E+08
 0.6834240E+08 0.7093440E+08 0.7352640E+08 0.7611840E+08
 0.7871040E+08 0.8130240E+08 0.8389440E+08 0.8665920E+08
 0.8925120E+08 0.3153600E+09
-0.2509353E+01-0.2243013E+01-0.2214397E+01-0.2275019E+01
-0.1987713E+01-0.2415293E+01-0.2473181E+01-0.2515535E+01
-0.2025177E+01-0.2615431E+01-0.2796373E+01-0.2943922E+01
-0.2509353E+01-0.2243013E+01-0.2214397E+01-0.2275019E+01
-0.1987713E+01-0.2415293E+01-0.2473181E+01-0.2515535E+01
-0.2025177E+01-0.2615431E+01-0.2796373E+01-0.2943922E+01
-0.2799470E+01-0.2791860E+01-0.2907517E+01-0.2430440E+01
-0.2255448E+01-0.2016416E+01-0.3035552E+01-0.2181046E+01
-0.2103191E+01-0.1845374E+01-0.1766540E+01-0.2336986E+01
 0.0000000E+00 0.0000000E+00
05K 1  030                  38     MASS  0.000     0.000     0.000     0
 0.0000000E+00 0.1728000E+06 0.2764800E+07 0.5443200E+07
 0.8035200E+07 0.1071360E+08 0.1339200E+08 0.1581120E+08
 0.1848960E+08 0.2108160E+08 0.2376000E+08 0.2635200E+08
 0.2972160E+08 0.2989440E+08 0.3248640E+08 0.3516480E+08
 0.3775680E+08 0.4043520E+08 0.4311360E+08 0.4553280E+08
 0.4821120E+08 0.5080320E+08 0.5348160E+08 0.5607360E+08
 0.5875200E+08 0.6143040E+08 0.6402240E+08 0.6575040E+08
 0.6834240E+08 0.7093440E+08 0.7352640E+08 0.7611840E+08
 0.7871040E+08 0.8130240E+08 0.8389440E+08 0.8665920E+08
 0.8925120E+08 0.3153600E+09
-0.2059349E+01-0.2076960E+01-0.2325967E+01-0.2481570E+01
-0.2419654E+01-0.2441349E+01-0.2376265E+01-0.2002285E+01
-0.1690475E+01-0.1503289E+01-0.1236698E+01-0.8245184E+00
-0.2059349E+01-0.2076960E+01-0.2325967E+01-0.2481570E+01
-0.2419654E+01-0.2441349E+01-0.2376265E+01-0.2002285E+01
-0.1690475E+01-0.1503289E+01-0.1236698E+01-0.8245184E+00
-0.1087336E+01-0.9647184E+00-0.9191956E+00-0.1013260E+01
-0.7258449E+00-0.1111944E+01-0.1280204E+01-0.1883692E+01
-0.1776096E+01-0.1793164E+01-0.1476866E+01-0.2104174E+01
 0.0000000E+00 0.0000000E+00
0C4 1  040                  38     MASS  0.000     0.000     0.000     0
 0.0000000E+00 0.1728000E+06 0.2764800E+07 0.5443200E+07
 0.8035200E+07 0.1071360E+08 0.1339200E+08 0.1581120E+08
 0.1848960E+08 0.2108160E+08 0.2376000E+08 0.2635200E+08
 0.2972160E+08 0.2989440E+08 0.3248640E+08 0.3516480E+08
 0.3775680E+08 0.4043520E+08 0.4311360E+08 0.4553280E+08
 0.4821120E+08 0.5080320E+08 0.5348160E+08 0.5607360E+08
 0.5875200E+08 0.6143040E+08 0.6402240E+08 0.6575040E+08
 0.6834240E+08 0.7093440E+08 0.7352640E+08 0.7611840E+08
 0.7871040E+08 0.8130240E+08 0.8389440E+08 0.8665920E+08
 0.8925120E+08 0.3153600E+09
-0.2549530E+01-0.2825972E+01-0.2791491E+01-0.2757523E+01
-0.2709185E+01-0.2770124E+01-0.2787318E+01-0.2508457E+01
-0.2321748E+01-0.2312944E+01-0.2273769E+01-0.1934644E+01
-0.2549530E+01-0.2825972E+01-0.2791491E+01-0.2757523E+01
-0.2709185E+01-0.2770124E+01-0.2787318E+01-0.2508457E+01
-0.2321748E+01-0.2312944E+01-0.2273769E+01-0.1934644E+01
-0.1477707E+01-0.1355934E+01-0.1217564E+01-0.1239059E+01
-0.1027218E+01-0.1034788E+01-0.1152801E+01-0.9753164E+00
-0.1105262E+01 0.0000000E+00 0.0000000E+00 0.0000000E+00
 0.0000000E+00 0.0000000E+00
08A 1  050                  38     MASS  0.000     0.000     0.000     0
 0.0000000E+00 0.1728000E+06 0.2764800E+07 0.5443200E+07
 0.8035200E+07 0.1071360E+08 0.1339200E+08 0.1581120E+08
 0.1848960E+08 0.2108160E+08 0.2376000E+08 0.2635200E+08
 0.2972160E+08 0.2989440E+08 0.3248640E+08 0.3516480E+08
 0.3775680E+08 0.4043520E+08 0.4311360E+08 0.4553280E+08
 0.4821120E+08 0.5080320E+08 0.5348160E+08 0.5607360E+08
 0.5875200E+08 0.6143040E+08 0.6402240E+08 0.6575040E+08
 0.6834240E+08 0.7093440E+08 0.7352640E+08 0.7611840E+08
 0.7871040E+08 0.8130240E+08 0.8389440E+08 0.8665920E+08
 0.8925120E+08 0.3153600E+09
-0.2183199E+01-0.2272419E+01-0.2136723E+01-0.2162103E+01
-0.2241107E+01-0.1968952E+01-0.1785160E+01-0.2016730E+01
-0.1351049E+01-0.1864729E+01-0.1975787E+01-0.1552800E+01
-0.2183199E+01-0.2272419E+01-0.2136723E+01-0.2162103E+01
-0.2241107E+01-0.1968952E+01-0.1785160E+01-0.2016730E+01
-0.1351049E+01-0.1864729E+01-0.1975787E+01-0.1552800E+01
-0.1731332E+01-0.2389232E+01-0.1988108E+01-0.1161231E+01
-0.1869244E+01-0.1682292E+01-0.2384792E+01-0.1728789E+01
-0.1300324E+01-0.1534232E+01-0.1401595E+01-0.2070106E+01
 0.0000000E+00 0.0000000E+00
0GD 1  060                  38     MASS  0.000     0.000     0.000     0
 0.0000000E+00 0.1728000E+06 0.2764800E+07 0.5443200E+07
 0.8035200E+07 0.1071360E+08 0.1339200E+08 0.1581120E+08
 0.1848960E+08 0.2108160E+08 0.2376000E+08 0.2635200E+08
 0.2972160E+08 0.2989440E+08 0.3248640E+08 0.3516480E+08
 0.3775680E+08 0.4043520E+08 0.4311360E+08 0.4553280E+08
 0.4821120E+08 0.5080320E+08 0.5348160E+08 0.5607360E+08
 0.5875200E+08 0.6143040E+08 0.6402240E+08 0.6575040E+08
 0.6834240E+08 0.7093440E+08 0.7352640E+08 0.7611840E+08
 0.7871040E+08 0.8130240E+08 0.8389440E+08 0.8665920E+08
 0.8925120E+08 0.3153600E+09
-0.2730253E+01-0.2957751E+01-0.2753099E+01-0.2513704E+01
-0.2473768E+01-0.2598652E+01-0.2454948E+01-0.2414889E+01
-0.2423862E+01-0.2379727E+01-0.2315193E+01-0.2404357E+01
-0.2730253E+01-0.2957751E+01-0.2753099E+01-0.2513704E+01
-0.2473768E+01-0.2598652E+01-0.2454948E+01-0.2414889E+01
-0.2423862E+01-0.2379727E+01-0.2315193E+01-0.2404357E+01
-0.2239833E+01-0.2132770E+01-0.2324028E+01-0.1355405E+01
-0.1660745E+01-0.1720370E+01-0.2555444E+01-0.1692257E+01
-0.1649892E+01-0.1550683E+01-0.1484248E+01-0.1993790E+01
 0.0000000E+00 0.0000000E+00
0BR 1  070                  38     MASS  0.000     0.000     0.000     0
 0.0000000E+00 0.1728000E+06 0.2764800E+07 0.5443200E+07
 0.8035200E+07 0.1071360E+08 0.1339200E+08 0.1581120E+08
 0.1848960E+08 0.2108160E+08 0.2376000E+08 0.2635200E+08
 0.2972160E+08 0.2989440E+08 0.3248640E+08 0.3516480E+08
 0.3775680E+08 0.4043520E+08 0.4311360E+08 0.4553280E+08
 0.4821120E+08 0.5080320E+08 0.5348160E+08 0.5607360E+08
 0.5875200E+08 0.6143040E+08 0.6402240E+08 0.6575040E+08
 0.6834240E+08 0.7093440E+08 0.7352640E+08 0.7611840E+08
 0.7871040E+08 0.8130240E+08 0.8389440E+08 0.8665920E+08
 0.8925120E+08 0.3153600E+09
-0.3069105E+01-0.3230710E+01-0.3508412E+01-0.2961458E+01
-0.3499545E+01-0.3036141E+01-0.3452335E+01-0.2981937E+01
-0.2965390E+01-0.3093197E+01-0.3157068E+01-0.3204450E+01
-0.3069105E+01-0.3230710E+01-0.3508412E+01-0.2961458E+01
-0.3499545E+01-0.3036141E+01-0.3452335E+01-0.2981937E+01
-0.2965390E+01-0.3093197E+01-0.3157068E+01-0.3204450E+01
-0.3021207E+01-0.2960069E+01-0.3010006E+01-0.5324074E+00
 0.0000000E+00 0.0000000E+00 0.0000000E+00 0.0000000E+00
 0.0000000E+00-0.5651235E+00-0.6342817E+00-0.6333587E+00
 0.0000000E+00 0.0000000E+00
0KI 1  080                  38     MASS  0.000     0.000     0.000     0
 0.0000000E+00 0.1728000E+06 0.2764800E+07 0.5443200E+07
 0.8035200E+07 0.1071360E+08 0.1339200E+08 0.1581120E+08
 0.1848960E+08 0.2108160E+08 0.2376000E+08 0.2635200E+08
 0.2972160E+08 0.2989440E+08 0.3248640E+08 0.3516480E+08
 0.3775680E+08 0.4043520E+08 0.4311360E+08 0.4553280E+08
 0.4821120E+08 0.5080320E+08 0.5348160E+08 0.5607360E+08
 0.5875200E+08 0.6143040E+08 0.6402240E+08 0.6575040E+08
 0.6834240E+08 0.7093440E+08 0.7352640E+08 0.7611840E+08
 0.7871040E+08 0.8130240E+08 0.8389440E+08 0.8665920E+08
 0.8925120E+08 0.3153600E+09
-0.2182788E+01-0.2260787E+01-0.2155066E+01-0.2123268E+01
-0.2136145E+01-0.1985973E+01-0.2130882E+01-0.2053121E+01
-0.1945463E+01-0.1932325E+01-0.1934344E+01-0.1976288E+01
-0.2182788E+01-0.2260787E+01-0.2155066E+01-0.2123268E+01
-0.2136145E+01-0.1985973E+01-0.2130882E+01-0.2053121E+01
-0.1945463E+01-0.1932325E+01-0.1934344E+01-0.1976288E+01
-0.1839524E+01-0.1800046E+01-0.1880932E+01-0.1704994E+01
-0.1743156E+01-0.1504533E+01-0.2054761E+01-0.1684263E+01
-0.1261049E+01-0.1238302E+01-0.1275571E+01-0.1352322E+01
 0.0000000E+00 0.0000000E+00
0Qm 1  090                  38     MASS  0.000     0.000     0.000     0
 0.0000000E+00 0.1728000E+06 0.2764800E+07 0.5443200E+07
 0.8035200E+07 0.1071360E+08 0.1339200E+08 0.1581120E+08
 0.1848960E+08 0.2108160E+08 0.2376000E+08 0.2635200E+08
 0.2972160E+08 0.2989440E+08 0.3248640E+08 0.3516480E+08
 0.3775680E+08 0.4043520E+08 0.4311360E+08 0.4553280E+08
 0.4821120E+08 0.5080320E+08 0.5348160E+08 0.5607360E+08
 0.5875200E+08 0.6143040E+08 0.6402240E+08 0.6575040E+08
 0.6834240E+08 0.7093440E+08 0.7352640E+08 0.7611840E+08
 0.7871040E+08 0.8130240E+08 0.8389440E+08 0.8665920E+08
 0.8925120E+08 0.3153600E+09
-0.2275396E+01-0.6646103E+00-0.5598081E+00-0.6851466E+00
-0.1390905E+01-0.6627464E+00-0.3349020E+01-0.2100657E+01
-0.9443866E+00-0.2250627E+01-0.2271671E+01-0.2439860E+01
-0.2275396E+01-0.6646103E+00-0.5598081E+00-0.6851466E+00
-0.1390905E+01-0.6627464E+00-0.3349020E+01-0.2100657E+01
-0.9443866E+00-0.2250627E+01-0.2271671E+01-0.2439860E+01
-0.1991424E+01-0.1760486E+01-0.2412193E+01-0.1453426E+01
-0.1458553E+01-0.1508395E+01-0.2674263E+01-0.1090976E+01
-0.1109240E+01-0.9669329E+00-0.9332574E+00-0.1133250E+01
 0.0000000E+00 0.0000000E+00
0WA 1  1 0                  38     MASS  0.000     0.000     0.000     0
 0.0000000E+00 0.1728000E+06 0.2764800E+07 0.5443200E+07
 0.8035200E+07 0.1071360E+08 0.1339200E+08 0.1581120E+08
 0.1848960E+08 0.2108160E+08 0.2376000E+08 0.2635200E+08
 0.2972160E+08 0.2989440E+08 0.3248640E+08 0.3516480E+08
 0.3775680E+08 0.4043520E+08 0.4311360E+08 0.4553280E+08
 0.4821120E+08 0.5080320E+08 0.5348160E+08 0.5607360E+08
 0.5875200E+08 0.6143040E+08 0.6402240E+08 0.6575040E+08
 0.6834240E+08 0.7093440E+08 0.7352640E+08 0.7611840E+08
 0.7871040E+08 0.8130240E+08 0.8389440E+08 0.8665920E+08
 0.8925120E+08 0.3153600E+09
-0.2912295E+01-0.2970756E+01-0.3205645E+01-0.3198835E+01
-0.3199754E+01-0.2438889E+01-0.3210119E+01-0.3105656E+01
-0.2867924E+01-0.2144766E+01-0.2487824E+01-0.1549104E+01
-0.2912295E+01-0.2970756E+01-0.3205645E+01-0.3198835E+01
-0.3199754E+01-0.2438889E+01-0.3210119E+01-0.3105656E+01
-0.2867924E+01-0.2144766E+01-0.2487824E+01-0.1549104E+01
-0.1764188E+01-0.2211076E+01-0.2555440E+01-0.1464622E+01
-0.1748943E+01-0.1338615E+01-0.3006366E+01-0.1068191E+01
-0.1119282E+01-0.1440235E+01-0.1448152E+01-0.1653613E+01
 0.0000000E+00 0.0000000E+00
0Ff 1  110                  38     MASS  0.000     0.000     0.000     0
 0.0000000E+00 0.1728000E+06 0.2764800E+07 0.5443200E+07
 0.8035200E+07 0.1071360E+08 0.1339200E+08 0.1581120E+08
 0.1848960E+08 0.2108160E+08 0.2376000E+08 0.2635200E+08
 0.2972160E+08 0.2989440E+08 0.3248640E+08 0.3516480E+08
 0.3775680E+08 0.4043520E+08 0.4311360E+08 0.4553280E+08
 0.4821120E+08 0.5080320E+08 0.5348160E+08 0.5607360E+08
 0.5875200E+08 0.6143040E+08 0.6402240E+08 0.6575040E+08
 0.6834240E+08 0.7093440E+08 0.7352640E+08 0.7611840E+08
 0.7871040E+08 0.8130240E+08 0.8389440E+08 0.8665920E+08
 0.8925120E+08 0.3153600E+09
-0.2864430E+01-0.2705073E+01-0.2115954E+01-0.2666659E+01
-0.2757452E+01-0.2262246E+01-0.2180923E+01-0.2614938E+01
-0.2479533E+01-0.2531571E+01-0.2655540E+01-0.2732867E+01
-0.2864430E+01-0.2705073E+01-0.2115954E+01-0.2666659E+01
-0.2757452E+01-0.2262246E+01-0.2180923E+01-0.2614938E+01
-0.2479533E+01-0.2531571E+01-0.2655540E+01-0.2732867E+01
-0.2614568E+01-0.2556381E+01-0.2637876E+01-0.1925922E+01
-0.1049961E+01-0.1125733E+01-0.1771038E+01-0.7326312E+00
-0.7249190E+00-0.1343245E+01-0.1083793E+01-0.1149541E+01
 0.0000000E+00 0.0000000E+00
0NR 1  120                  38     MASS  0.000     0.000     0.000     0
 0.0000000E+00 0.1728000E+06 0.2764800E+07 0.5443200E+07
 0.8035200E+07 0.1071360E+08 0.1339200E+08 0.1581120E+08
 0.1848960E+08 0.2108160E+08 0.2376000E+08 0.2635200E+08
 0.2972160E+08 0.2989440E+08 0.3248640E+08 0.3516480E+08
 0.3775680E+08 0.4043520E+08 0.4311360E+08 0.4553280E+08
 0.4821120E+08 0.5080320E+08 0.5348160E+08 0.5607360E+08
 0.5875200E+08 0.6143040E+08 0.6402240E+08 0.6575040E+08
 0.6834240E+08 0.7093440E+08 0.7352640E+08 0.7611840E+08
 0.7871040E+08 0.8130240E+08 0.8389440E+08 0.8665920E+08
 0.8925120E+08 0.3153600E+09
-0.2677095E+01-0.2231269E+01-0.2160010E+01-0.2293684E+01
-0.2267940E+01-0.1037560E+01-0.1042613E+01-0.1582740E+01
-0.1473816E+01-0.1409718E+01-0.1177867E+01-0.1392492E+01
-0.2677095E+01-0.2231269E+01-0.2160010E+01-0.2293684E+01
-0.2267940E+01-0.1037560E+01-0.1042613E+01-0.1582740E+01
-0.1473816E+01-0.1409718E+01-0.1177867E+01-0.1392492E+01
-0.1240028E+01-0.1177577E+01-0.1292610E+01-0.1132141E+01
 0.0000000E+00-0.9945062E+00-0.8929051E+00 0.0000000E+00
 0.0000000E+00-0.1719113E+01-0.1195425E+01-0.1551519E+01
 0.0000000E+00 0.0000000E+00
0TR 1  130                  38     MASS  0.000     0.000     0.000     0
 0.0000000E+00 0.1728000E+06 0.2764800E+07 0.5443200E+07
 0.8035200E+07 0.1071360E+08 0.1339200E+08 0.1581120E+08
 0.1848960E+08 0.2108160E+08 0.2376000E+08 0.2635200E+08
 0.2972160E+08 0.2989440E+08 0.3248640E+08 0.3516480E+08
 0.3775680E+08 0.4043520E+08 0.4311360E+08 0.4553280E+08
 0.4821120E+08 0.5080320E+08 0.5348160E+08 0.5607360E+08
 0.5875200E+08 0.6143040E+08 0.6402240E+08 0.6575040E+08
 0.6834240E+08 0.7093440E+08 0.7352640E+08 0.7611840E+08
 0.7871040E+08 0.8130240E+08 0.8389440E+08 0.8665920E+08
 0.8925120E+08 0.3153600E+09
-0.2914288E+01-0.2933727E+01-0.1620792E+01-0.1820089E+01
-0.1755402E+01-0.1853427E+01-0.1784925E+01-0.1744064E+01
-0.1830251E+01-0.1857658E+01-0.1935644E+01-0.2047644E+01
-0.2914288E+01-0.2933727E+01-0.1620792E+01-0.1820089E+01
-0.1755402E+01-0.1853427E+01-0.1784925E+01-0.1744064E+01
-0.1830251E+01-0.1857658E+01-0.1935644E+01-0.2047644E+01
-0.2235447E+01-0.2181416E+01-0.1835666E+01-0.1936254E+01
 0.0000000E+00-0.1671466E+01 0.0000000E+00-0.1768295E+01
-0.1528669E+01-0.1395903E+01-0.1349497E+01-0.1635692E+01
 0.0000000E+00 0.0000000E+00
0Z0 1  140                  38     MASS  0.000     0.000     0.000     0
 0.0000000E+00 0.1728000E+06 0.2764800E+07 0.5443200E+07
 0.8035200E+07 0.1071360E+08 0.1339200E+08 0.1581120E+08
 0.1848960E+08 0.2108160E+08 0.2376000E+08 0.2635200E+08
 0.2972160E+08 0.2989440E+08 0.3248640E+08 0.3516480E+08
 0.3775680E+08 0.4043520E+08 0.4311360E+08 0.4553280E+08
 0.4821120E+08 0.5080320E+08 0.5348160E+08 0.5607360E+08
 0.5875200E+08 0.6143040E+08 0.6402240E+08 0.6575040E+08
 0.6834240E+08 0.7093440E+08 0.7352640E+08 0.7611840E+08
 0.7871040E+08 0.8130240E+08 0.8389440E+08 0.8665920E+08
 0.8925120E+08 0.3153600E+09
-0.2366667E+01-0.2516285E+01-0.2428050E+01-0.2364001E+01
-0.2361626E+01-0.1164329E+01-0.1532184E+01-0.2228670E+01
-0.1883171E+01-0.2187586E+01-0.2702160E+01-0.2736966E+01
-0.2366667E+01-0.2516285E+01-0.2428050E+01-0.2364001E+01
-0.2361626E+01-0.1164329E+01-0.1532184E+01-0.2228670E+01
-0.1883171E+01-0.2187586E+01-0.2702160E+01-0.2736966E+01
-0.2577867E+01-0.2515166E+01-0.2237946E+01-0.2412450E+01
-0.1774282E+01-0.1777022E+01-0.2244452E+01-0.1686269E+01
-0.1508781E+01-0.1411887E+01-0.1270645E+01-0.2153234E+01
 0.0000000E+00 0.0000000E+00
0Jg 1  150                  38     MASS  0.000     0.000     0.000     0
 0.0000000E+00 0.1728000E+06 0.2764800E+07 0.5443200E+07
 0.8035200E+07 0.1071360E+08 0.1339200E+08 0.1581120E+08
 0.1848960E+08 0.2108160E+08 0.2376000E+08 0.2635200E+08
 0.2972160E+08 0.2989440E+08 0.3248640E+08 0.3516480E+08
 0.3775680E+08 0.4043520E+08 0.4311360E+08 0.4553280E+08
 0.4821120E+08 0.5080320E+08 0.5348160E+08 0.5607360E+08
 0.5875200E+08 0.6143040E+08 0.6402240E+08 0.6575040E+08
 0.6834240E+08 0.7093440E+08 0.7352640E+08 0.7611840E+08
 0.7871040E+08 0.8130240E+08 0.8389440E+08 0.8665920E+08
 0.8925120E+08 0.3153600E+09
-0.5457176E+00-0.6587963E+00-0.4804062E+00-0.9335995E+00
-0.1108684E+01-0.1500060E+01-0.9917245E+00-0.1017921E+01
-0.7594174E+00-0.5970206E+00-0.4694869E+00-0.2873507E+00
-0.5457176E+00-0.6587963E+00-0.4804062E+00-0.9335995E+00
-0.1108684E+01-0.1500060E+01-0.9917245E+00-0.1017921E+01
-0.7594174E+00-0.5970206E+00-0.4694869E+00-0.2873507E+00
-0.2461283E+00-0.2074923E+00-0.2975926E+00 0.0000000E+00
 0.0000000E+00 0.0000000E+00 0.0000000E+00 0.0000000E+00
 0.0000000E+00-0.1650355E+01-0.1043566E+01-0.1138462E+01
 0.0000000E+00 0.0000000E+00
0QK 1  160                  38     MASS  0.000     0.000     0.000     0
 0.0000000E+00 0.1728000E+06 0.2764800E+07 0.5443200E+07
 0.8035200E+07 0.1071360E+08 0.1339200E+08 0.1581120E+08
 0.1848960E+08 0.2108160E+08 0.2376000E+08 0.2635200E+08
 0.2972160E+08 0.2989440E+08 0.3248640E+08 0.3516480E+08
 0.3775680E+08 0.4043520E+08 0.4311360E+08 0.4553280E+08
 0.4821120E+08 0.5080320E+08 0.5348160E+08 0.5607360E+08
 0.5875200E+08 0.6143040E+08 0.6402240E+08 0.6575040E+08
 0.6834240E+08 0.7093440E+08 0.7352640E+08 0.7611840E+08
 0.7871040E+08 0.8130240E+08 0.8389440E+08 0.8665920E+08
 0.8925120E+08 0.3153600E+09
-0.2820438E+01-0.2787222E+01-0.2579002E+01-0.2499568E+01
-0.2459110E+01-0.2563784E+01-0.2355361E+01-0.2419747E+01
-0.2233183E+01-0.2128842E+01-0.2083700E+01-0.2111395E+01
-0.2820438E+01-0.2787222E+01-0.2579002E+01-0.2499568E+01
-0.2459110E+01-0.2563784E+01-0.2355361E+01-0.2419747E+01
-0.2233183E+01-0.2128842E+01-0.2083700E+01-0.2111395E+01
-0.1965065E+01-0.1888333E+01-0.1933351E+01 0.0000000E+00
 0.0000000E+00 0.0000000E+00 0.0000000E+00 0.0000000E+00
 0.0000000E+00-0.8860301E+00-0.8925275E+00-0.1454091E+01
 0.0000000E+00 0.0000000E+00
0Vm 1  170                  38     MASS  0.000     0.000     0.000     0
 0.0000000E+00 0.1728000E+06 0.2764800E+07 0.5443200E+07
 0.8035200E+07 0.1071360E+08 0.1339200E+08 0.1581120E+08
 0.1848960E+08 0.2108160E+08 0.2376000E+08 0.2635200E+08
 0.2972160E+08 0.2989440E+08 0.3248640E+08 0.3516480E+08
 0.3775680E+08 0.4043520E+08 0.4311360E+08 0.4553280E+08
 0.4821120E+08 0.5080320E+08 0.5348160E+08 0.5607360E+08
 0.5875200E+08 0.6143040E+08 0.6402240E+08 0.6575040E+08
 0.6834240E+08 0.7093440E+08 0.7352640E+08 0.7611840E+08
 0.7871040E+08 0.8130240E+08 0.8389440E+08 0.8665920E+08
 0.8925120E+08 0.3153600E+09
-0.3024451E+01-0.3019753E+01-0.2254208E+01-0.2465150E+01
-0.2143063E+01-0.2457422E+01-0.1663314E+01-0.2986860E-03
-0.1813530E+01-0.2255623E+01-0.1897126E+01-0.1269523E+01
-0.3024451E+01-0.3019753E+01-0.2254208E+01-0.2465150E+01
-0.2143063E+01-0.2457422E+01-0.1663314E+01-0.2986860E-03
-0.1813530E+01-0.2255623E+01-0.1897126E+01-0.1269523E+01
-0.1083987E+01-0.1921956E+01-0.1887488E+01-0.3054464E+01
-0.1451011E+01-0.1276150E+01-0.7337114E+00-0.2118395E+01
-0.1545729E+01-0.8589969E+00-0.1110840E+01-0.1736806E+01
 0.0000000E+00 0.0000000E+00
0be 1  180                  38     MASS  0.000     0.000     0.000     0
 0.0000000E+00 0.1728000E+06 0.2764800E+07 0.5443200E+07
 0.8035200E+07 0.1071360E+08 0.1339200E+08 0.1581120E+08
 0.1848960E+08 0.2108160E+08 0.2376000E+08 0.2635200E+08
 0.2972160E+08 0.2989440E+08 0.3248640E+08 0.3516480E+08
 0.3775680E+08 0.4043520E+08 0.4311360E+08 0.4553280E+08
 0.4821120E+08 0.5080320E+08 0.5348160E+08 0.5607360E+08
 0.5875200E+08 0.6143040E+08 0.6402240E+08 0.6575040E+08
 0.6834240E+08 0.7093440E+08 0.7352640E+08 0.7611840E+08
 0.7871040E+08 0.8130240E+08 0.8389440E+08 0.8665920E+08
 0.8925120E+08 0.3153600E+09
-0.8783490E+00-0.7880440E+00-0.7117234E+00-0.2151516E+01
-0.3083117E+01-0.3149022E+01-0.2514472E+01-0.2953218E+01
-0.2966123E+01-0.2217033E+01-0.1997114E+01-0.1303704E+01
-0.8783490E+00-0.7880440E+00-0.7117234E+00-0.2151516E+01
-0.3083117E+01-0.3149022E+01-0.2514472E+01-0.2953218E+01
-0.2966123E+01-0.2217033E+01-0.1997114E+01-0.1303704E+01
-0.8291219E+00-0.1544992E+01-0.1238420E+01 0.0000000E+00
 0.0000000E+00 0.0000000E+00 0.0000000E+00-0.1517473E+01
-0.1524306E+01-0.1445949E+01-0.1316623E+01-0.1775839E+01
 0.0000000E+00 0.0000000E+00
0YV 1  190                  38     MASS  0.000     0.000     0.000     0
 0.0000000E+00 0.1728000E+06 0.2764800E+07 0.5443200E+07
 0.8035200E+07 0.1071360E+08 0.1339200E+08 0.1581120E+08
 0.1848960E+08 0.2108160E+08 0.2376000E+08 0.2635200E+08
 0.2972160E+08 0.2989440E+08 0.3248640E+08 0.3516480E+08
 0.3775680E+08 0.4043520E+08 0.4311360E+08 0.4553280E+08
 0.4821120E+08 0.5080320E+08 0.5348160E+08 0.5607360E+08
 0.5875200E+08 0.6143040E+08 0.6402240E+08 0.6575040E+08
 0.6834240E+08 0.7093440E+08 0.7352640E+08 0.7611840E+08
 0.7871040E+08 0.8130240E+08 0.8389440E+08 0.8665920E+08
 0.8925120E+08 0.3153600E+09
-0.2009756E+01-0.1933777E+01-0.1915338E+01-0.1914132E+01
-0.1551049E+01-0.2197192E+01-0.2073388E+01-0.1888460E+01
-0.1518044E+01-0.1485764E+01-0.1686597E+01-0.1306530E+01
-0.2009756E+01-0.1933777E+01-0.1915338E+01-0.1914132E+01
-0.1551049E+01-0.2197192E+01-0.2073388E+01-0.1888460E+01
-0.1518044E+01-0.1485764E+01-0.1686597E+01-0.1306530E+01
-0.1109808E+01-0.2355181E+01-0.1014473E+01-0.2276331E+01
-0.2047296E+01-0.2022701E+01-0.2782778E+01-0.2094039E+01
-0.1560490E+01-0.1564969E+01-0.1215578E+01-0.2088462E+01
 0.0000000E+00 0.0000000E+00
0cq 1  2 0                  38     MASS  0.000     0.000     0.000     0
 0.0000000E+00 0.1728000E+06 0.2764800E+07 0.5443200E+07
 0.8035200E+07 0.1071360E+08 0.1339200E+08 0.1581120E+08
 0.1848960E+08 0.2108160E+08 0.2376000E+08 0.2635200E+08
 0.2972160E+08 0.2989440E+08 0.3248640E+08 0.3516480E+08
 0.3775680E+08 0.4043520E+08 0.4311360E+08 0.4553280E+08
 0.4821120E+08 0.5080320E+08 0.5348160E+08 0.5607360E+08
 0.5875200E+08 0.6143040E+08 0.6402240E+08 0.6575040E+08
 0.6834240E+08 0.7093440E+08 0.7352640E+08 0.7611840E+08
 0.7871040E+08 0.8130240E+08 0.8389440E+08 0.8665920E+08
 0.8925120E+08 0.3153600E+09
-0.2638501E+01-0.2151501E+01-0.2508778E+01-0.2473630E+01
-0.2468104E+01-0.2577699E+01-0.2579282E+01-0.2399881E+01
-0.2173785E+01-0.2053476E+01-0.1691651E+01-0.1126176E+01
-0.2638501E+01-0.2151501E+01-0.2508778E+01-0.2473630E+01
-0.2468104E+01-0.2577699E+01-0.2579282E+01-0.2399881E+01
-0.2173785E+01-0.2053476E+01-0.1691651E+01-0.1126176E+01
-0.1784039E+01-0.2381813E+01-0.1117066E+01-0.2109132E+01
-0.1522488E+01-0.1151528E+01-0.1729757E+01-0.2245887E+01
-0.2097342E+01-0.2013769E+01-0.1547139E+01-0.2444893E+01
 0.0000000E+00 0.0000000E+00
05G 1  212                  35     COM1  0.000     0.000     0.000     0
 0.0000000E+00 0.2678400E+07 0.5270400E+07 0.7948800E+07
 0.1054080E+08 0.1321920E+08 0.1581120E+08 0.1831680E+08
 0.2099520E+08 0.2358720E+08 0.2626560E+08 0.2972160E+08
 0.3240000E+08 0.3499200E+08 0.3767040E+08 0.4026240E+08
 0.4294080E+08 0.4553280E+08 0.4803840E+08 0.5071680E+08
 0.5330880E+08 0.5598720E+08 0.5857920E+08 0.6125760E+08
 0.6575040E+08 0.6851520E+08 0.7110720E+08 0.7378560E+08
 0.7646400E+08 0.7896960E+08 0.8164800E+08 0.8424000E+08
 0.8691840E+08 0.8925120E+08 0.3153600E+09
 0.1158602E+00 0.2675926E-01 0.0000000E+00 0.9259260E-04
 0.0000000E+00 0.2777780E-03 0.9578540E-04 0.7168460E-03
 0.0000000E+00 0.1164875E-02 0.0000000E+00 0.1158602E+00
 0.2675926E-01 0.0000000E+00 0.9259260E-04 0.0000000E+00
 0.2777780E-03 0.9578540E-04 0.7168460E-03 0.0000000E+00
 0.1164875E-02 0.0000000E+00 0.8960570E-04 0.9757810E-01
 0.1950666E+00 0.2140856E+00 0.2434662E+00 0.2399866E+00
 0.2625718E+00 0.6139337E+00 0.4667168E+00 0.4211059E+00
 0.4372007E+00 0.0000000E+00 0.0000000E+00
0Be 1  222                  35     COM1  0.000     0.000     0.000     0
 0.0000000E+00 0.2678400E+07 0.5270400E+07 0.7948800E+07
 0.1054080E+08 0.1321920E+08 0.1581120E+08 0.1831680E+08
 0.2099520E+08 0.2358720E+08 0.2626560E+08 0.2972160E+08
 0.3240000E+08 0.3499200E+08 0.3767040E+08 0.4026240E+08
 0.4294080E+08 0.4553280E+08 0.4803840E+08 0.5071680E+08
 0.5330880E+08 0.5598720E+08 0.5857920E+08 0.6125760E+08
 0.6575040E+08 0.6851520E+08 0.7110720E+08 0.7378560E+08
 0.7646400E+08 0.7896960E+08 0.8164800E+08 0.8424000E+08
 0.8691840E+08 0.8925120E+08 0.3153600E+09
 0.3168996E+01 0.1443519E+00 0.0000000E+00 0.0000000E+00
 0.2619444E+01 0.0000000E+00 0.0000000E+00 0.0000000E+00
 0.0000000E+00 0.0000000E+00 0.0000000E+00 0.3168996E+01
 0.1443519E+00 0.0000000E+00 0.0000000E+00 0.2619444E+01
 0.0000000E+00 0.0000000E+00 0.0000000E+00 0.0000000E+00
 0.0000000E+00 0.0000000E+00 0.0000000E+00 0.0000000E+00
 0.0000000E+00 0.0000000E+00 0.0000000E+00 0.0000000E+00
 0.0000000E+00 0.0000000E+00 0.0000000E+00 0.0000000E+00
 0.0000000E+00 0.0000000E+00 0.0000000E+00
06x 1  232                  35     COM1  0.000     0.000     0.000     0
 0.0000000E+00 0.2678400E+07 0.5270400E+07 0.7948800E+07
 0.1054080E+08 0.1321920E+08 0.1581120E+08 0.1831680E+08
 0.2099520E+08 0.2358720E+08 0.2626560E+08 0.2972160E+08
 0.3240000E+08 0.3499200E+08 0.3767040E+08 0.4026240E+08
 0.4294080E+08 0.4553280E+08 0.4803840E+08 0.5071680E+08
 0.5330880E+08 0.5598720E+08 0.5857920E+08 0.6125760E+08
 0.6575040E+08 0.6851520E+08 0.7110720E+08 0.7378560E+08
 0.7646400E+08 0.7896960E+08 0.8164800E+08 0.8424000E+08
 0.8691840E+08 0.8925120E+08 0.3153600E+09
 0.1862993E+01 0.3358519E+01 0.4371147E+01 0.3521389E+01
 0.2692204E+01 0.2192500E+01 0.1463123E+01 0.2311380E+01
 0.5002593E+01 0.3267832E+01 0.2720926E+01 0.1862993E+01
 0.3358519E+01 0.4371147E+01 0.3521389E+01 0.2692204E+01
 0.2192500E+01 0.1463123E+01 0.2311380E+01 0.5002593E+01
 0.3267832E+01 0.2720926E+01 0.1932437E+01 0.1498400E+01
 0.1064355E+01 0.8948032E+00 0.8618466E+00 0.1907456E+01
 0.1998168E+01 0.3416424E+01 0.2633742E+01 0.2135450E+01
 0.2938602E+01 0.0000000E+00 0.0000000E+00
0EX 1  242                  35     COM1  0.000     0.000     0.000     0
 0.0000000E+00 0.2678400E+07 0.5270400E+07 0.7948800E+07
 0.1054080E+08 0.1321920E+08 0.1581120E+08 0.1831680E+08
 0.2099520E+08 0.2358720E+08 0.2626560E+08 0.2972160E+08
 0.3240000E+08 0.3499200E+08 0.3767040E+08 0.4026240E+08
 0.4294080E+08 0.4553280E+08 0.4803840E+08 0.5071680E+08
 0.5330880E+08 0.5598720E+08 0.5857920E+08 0.6125760E+08
 0.6575040E+08 0.6851520E+08 0.7110720E+08 0.7378560E+08
 0.7646400E+08 0.7896960E+08 0.8164800E+08 0.8424000E+08
 0.8691840E+08 0.8925120E+08 0.3153600E+09
 0.2504480E+00 0.1119444E+00 0.0000000E+00 0.0000000E+00
 0.0000000E+00 0.0000000E+00 0.0000000E+00 0.0000000E+00
 0.0000000E+00 0.0000000E+00 0.0000000E+00 0.2504480E+00
 0.1119444E+00 0.0000000E+00 0.0000000E+00 0.0000000E+00
 0.0000000E+00 0.0000000E+00 0.0000000E+00 0.0000000E+00
 0.0000000E+00 0.0000000E+00 0.0000000E+00 0.0000000E+00
 0.0000000E+00 0.0000000E+00 0.0000000E+00 0.0000000E+00
 0.0000000E+00 0.0000000E+00 0.0000000E+00 0.0000000E+00
 0.0000000E+00 0.0000000E+00 0.0000000E+00
09y 1  252                  35     COM1  0.000     0.000     0.000     0
 0.0000000E+00 0.2678400E+07 0.5270400E+07 0.7948800E+07
 0.1054080E+08 0.1321920E+08 0.1581120E+08 0.1831680E+08
 0.2099520E+08 0.2358720E+08 0.2626560E+08 0.2972160E+08
 0.3240000E+08 0.3499200E+08 0.3767040E+08 0.4026240E+08
 0.4294080E+08 0.4553280E+08 0.4803840E+08 0.5071680E+08
 0.5330880E+08 0.5598720E+08 0.5857920E+08 0.6125760E+08
 0.6575040E+08 0.6851520E+08 0.7110720E+08 0.7378560E+08
 0.7646400E+08 0.7896960E+08 0.8164800E+08 0.8424000E+08
 0.8691840E+08 0.8925120E+08 0.3153600E+09
 0.1036111E+01 0.1800463E+01 0.1701523E+01 0.1403148E+01
 0.1029928E+01 0.1005648E+01 0.1002011E+01 0.1526075E+01
 0.1547593E+01 0.1945968E+01 0.1703796E+01 0.1036111E+01
 0.1800463E+01 0.1701523E+01 0.1403148E+01 0.1029928E+01
 0.1005648E+01 0.1002011E+01 0.1526075E+01 0.1547593E+01
 0.1945968E+01 0.1703796E+01 0.1890323E+01 0.1336920E+01
 0.7835106E+00 0.6819869E+00 0.6287560E+00 0.1483744E+01
 0.3517545E+01 0.1830548E+01 0.1239205E+01 0.9799096E+00
 0.2273867E+01 0.0000000E+00 0.0000000E+00
0Ic 1  262                  35     COM1  0.000     0.000     0.000     0
 0.0000000E+00 0.2678400E+07 0.5270400E+07 0.7948800E+07
 0.1054080E+08 0.1321920E+08 0.1581120E+08 0.1831680E+08
 0.2099520E+08 0.2358720E+08 0.2626560E+08 0.2972160E+08
 0.3240000E+08 0.3499200E+08 0.3767040E+08 0.4026240E+08
 0.4294080E+08 0.4553280E+08 0.4803840E+08 0.5071680E+08
 0.5330880E+08 0.5598720E+08 0.5857920E+08 0.6125760E+08
 0.6575040E+08 0.6851520E+08 0.7110720E+08 0.7378560E+08
 0.7646400E+08 0.7896960E+08 0.8164800E+08 0.8424000E+08
 0.8691840E+08 0.8925120E+08 0.3153600E+09
 0.4668459E+00 0.2191667E+00 0.0000000E+00 0.0000000E+00
 0.0000000E+00 0.0000000E+00 0.0000000E+00 0.0000000E+00
 0.0000000E+00 0.0000000E+00 0.0000000E+00 0.4668459E+00
 0.2191667E+00 0.0000000E+00 0.0000000E+00 0.0000000E+00
 0.0000000E+00 0.0000000E+00 0.0000000E+00 0.0000000E+00
 0.0000000E+00 0.0000000E+00 0.0000000E+00 0.0000000E+00
 0.0000000E+00 0.0000000E+00 0.0000000E+00 0.0000000E+00
 0.0000000E+00 0.0000000E+00 0.0000000E+00 0.0000000E+00
 0.0000000E+00 0.0000000E+00 0.0000000E+00
0Dz 1  272                  35     COM1  0.000     0.000     0.000     0
 0.0000000E+00 0.2678400E+07 0.5270400E+07 0.7948800E+07
 0.1054080E+08 0.1321920E+08 0.1581120E+08 0.1831680E+08
 0.2099520E+08 0.2358720E+08 0.2626560E+08 0.2972160E+08
 0.3240000E+08 0.3499200E+08 0.3767040E+08 0.4026240E+08
 0.4294080E+08 0.4553280E+08 0.4803840E+08 0.5071680E+08
 0.5330880E+08 0.5598720E+08 0.5857920E+08 0.6125760E+08
 0.6575040E+08 0.6851520E+08 0.7110720E+08 0.7378560E+08
 0.7646400E+08 0.7896960E+08 0.8164800E+08 0.8424000E+08
 0.8691840E+08 0.8925120E+08 0.3153600E+09
 0.2799731E+01 0.3808889E+01 0.5960215E+01 0.5608148E+01
 0.4169355E+01 0.3382593E+01 0.2438506E+01 0.2913172E+01
 0.6131296E+01 0.5571057E+01 0.4760463E+01 0.2799731E+01
 0.3808889E+01 0.5960215E+01 0.5608148E+01 0.4169355E+01
 0.3382593E+01 0.2438506E+01 0.2913172E+01 0.6131296E+01
 0.5571057E+01 0.4760463E+01 0.3087724E+01 0.1983140E+01
 0.8785626E+00 0.6705324E+00 0.2359655E+00 0.7432945E+00
 0.1512277E+01 0.9075829E+00 0.5975733E+00 0.4790845E+00
 0.7939974E+00 0.0000000E+00 0.0000000E+00
0M9 1  282                  35     COM1  0.000     0.000     0.000     0
 0.0000000E+00 0.2678400E+07 0.5270400E+07 0.7948800E+07
 0.1054080E+08 0.1321920E+08 0.1581120E+08 0.1831680E+08
 0.2099520E+08 0.2358720E+08 0.2626560E+08 0.2972160E+08
 0.3240000E+08 0.3499200E+08 0.3767040E+08 0.4026240E+08
 0.4294080E+08 0.4553280E+08 0.4803840E+08 0.5071680E+08
 0.5330880E+08 0.5598720E+08 0.5857920E+08 0.6125760E+08
 0.6575040E+08 0.6851520E+08 0.7110720E+08 0.7378560E+08
 0.7646400E+08 0.7896960E+08 0.8164800E+08 0.8424000E+08
 0.8691840E+08 0.8925120E+08 0.3153600E+09
 0.9864695E+00 0.5414815E+00 0.3939068E+00 0.5299074E+00
 0.4698925E+00 0.4554630E+00 0.9950192E+00 0.7082437E+00
 0.5000000E+00 0.4298387E+00 0.4163889E+00 0.9864695E+00
 0.5414815E+00 0.3939068E+00 0.5299074E+00 0.4698925E+00
 0.4554630E+00 0.9950192E+00 0.7082437E+00 0.5000000E+00
 0.4298387E+00 0.4163889E+00 0.4049283E+00 0.3583240E+00
 0.3117187E+00 0.2884877E+00 0.2804958E+00 0.1601628E+01
 0.5130420E+01 0.3182885E+01 0.2012739E+01 0.1633188E+01
 0.1392636E+01 0.0000000E+00 0.0000000E+00
0SV 1  292                  35     COM1  0.000     0.000     0.000     0
 0.0000000E+00 0.2678400E+07 0.5270400E+07 0.7948800E+07
 0.1054080E+08 0.1321920E+08 0.1581120E+08 0.1831680E+08
 0.2099520E+08 0.2358720E+08 0.2626560E+08 0.2972160E+08
 0.3240000E+08 0.3499200E+08 0.3767040E+08 0.4026240E+08
 0.4294080E+08 0.4553280E+08 0.4803840E+08 0.5071680E+08
 0.5330880E+08 0.5598720E+08 0.5857920E+08 0.6125760E+08
 0.6575040E+08 0.6851520E+08 0.7110720E+08 0.7378560E+08
 0.7646400E+08 0.7896960E+08 0.8164800E+08 0.8424000E+08
 0.8691840E+08 0.8925120E+08 0.3153600E+09
 0.1134409E+01 0.8683333E+00 0.7257168E+00 0.8484259E+00
 0.9795699E+00 0.1039074E+01 0.8370690E+00 0.6538530E+00
 0.4726852E+00 0.4146057E+00 0.4024074E+00 0.1134409E+01
 0.8683333E+00 0.7257168E+00 0.8484259E+00 0.9795699E+00
 0.1039074E+01 0.8370690E+00 0.6538530E+00 0.4726852E+00
 0.4146057E+00 0.4024074E+00 0.4043011E+00 0.3924130E+00
 0.3605360E+00 0.3535957E+00 0.3612306E+00 0.3272551E+00
 0.2589400E+00 0.3253211E+00 0.3005170E+00 0.2492496E+00
 0.2631186E+00 0.0000000E+00 0.0000000E+00
0Xo 1  3 2                  35     COM1  0.000     0.000     0.000     0
 0.0000000E+00 0.2678400E+07 0.5270400E+07 0.7948800E+07
 0.1054080E+08 0.1321920E+08 0.1581120E+08 0.1831680E+08
 0.2099520E+08 0.2358720E+08 0.2626560E+08 0.2972160E+08
 0.3240000E+08 0.3499200E+08 0.3767040E+08 0.4026240E+08
 0.4294080E+08 0.4553280E+08 0.4803840E+08 0.5071680E+08
 0.5330880E+08 0.5598720E+08 0.5857920E+08 0.6125760E+08
 0.6575040E+08 0.6851520E+08 0.7110720E+08 0.7378560E+08
 0.7646400E+08 0.7896960E+08 0.8164800E+08 0.8424000E+08
 0.8691840E+08 0.8925120E+08 0.3153600E+09
 0.3726703E+00 0.3333333E+00 0.3086918E+00 0.1024074E+01
 0.2757437E+01 0.1489352E+01 0.8354406E+00 0.6745520E+00
 0.4968519E+00 0.5211470E+00 0.5303704E+00 0.3726703E+00
 0.3333333E+00 0.3086918E+00 0.1024074E+01 0.2757437E+01
 0.1489352E+01 0.8354406E+00 0.6745520E+00 0.4968519E+00
 0.5211470E+00 0.5303704E+00 0.5706093E+00 0.4673360E+00
 0.3605360E+00 0.3535957E+00 0.3612306E+00 0.3272551E+00
 0.2589400E+00 0.3253211E+00 0.3005170E+00 0.2492496E+00
 0.2631186E+00 0.0000000E+00 0.0000000E+00
0I4 1  312                  35     COM1  0.000     0.000     0.000     0
 0.0000000E+00 0.2678400E+07 0.5270400E+07 0.7948800E+07
 0.1054080E+08 0.1321920E+08 0.1581120E+08 0.1831680E+08
 0.2099520E+08 0.2358720E+08 0.2626560E+08 0.2972160E+08
 0.3240000E+08 0.3499200E+08 0.3767040E+08 0.4026240E+08
 0.4294080E+08 0.4553280E+08 0.4803840E+08 0.5071680E+08
 0.5330880E+08 0.5598720E+08 0.5857920E+08 0.6125760E+08
 0.6575040E+08 0.6851520E+08 0.7110720E+08 0.7378560E+08
 0.7646400E+08 0.7896960E+08 0.8164800E+08 0.8424000E+08
 0.8691840E+08 0.8925120E+08 0.3153600E+09
 0.2019803E+01 0.4179537E+01 0.6643548E+01 0.4891944E+01
 0.2540591E+01 0.2081481E+01 0.2950096E+01 0.3056720E+01
 0.5091667E+01 0.2831093E+01 0.2272130E+01 0.2019803E+01
 0.4179537E+01 0.6643548E+01 0.4891944E+01 0.2540591E+01
 0.2081481E+01 0.2950096E+01 0.3056720E+01 0.5091667E+01
 0.2831093E+01 0.2272130E+01 0.1985484E+01 0.1624950E+01
 0.1264417E+01 0.1192276E+01 0.1135883E+01 0.2262627E+01
 0.4286043E+01 0.3013889E+01 0.2262245E+01 0.1897581E+01
 0.1626050E+01 0.0000000E+00 0.0000000E+00
0P8 1  322                  35     COM1  0.000     0.000     0.000     0
 0.0000000E+00 0.2678400E+07 0.5270400E+07 0.7948800E+07
 0.1054080E+08 0.1321920E+08 0.1581120E+08 0.1831680E+08
 0.2099520E+08 0.2358720E+08 0.2626560E+08 0.2972160E+08
 0.3240000E+08 0.3499200E+08 0.3767040E+08 0.4026240E+08
 0.4294080E+08 0.4553280E+08 0.4803840E+08 0.5071680E+08
 0.5330880E+08 0.5598720E+08 0.5857920E+08 0.6125760E+08
 0.6575040E+08 0.6851520E+08 0.7110720E+08 0.7378560E+08
 0.7646400E+08 0.7896960E+08 0.8164800E+08 0.8424000E+08
 0.8691840E+08 0.8925120E+08 0.3153600E+09
 0.1462366E+01 0.3636204E+01 0.3365143E+01 0.2327222E+01
 0.1447401E+01 0.1633704E+01 0.2934195E+01 0.2938082E+01
 0.4221204E+01 0.2394534E+01 0.1796574E+01 0.1462366E+01
 0.3636204E+01 0.3365143E+01 0.2327222E+01 0.1447401E+01
 0.1633704E+01 0.2934195E+01 0.2938082E+01 0.4221204E+01
 0.2394534E+01 0.1796574E+01 0.4060842E+01 0.2210690E+01
 0.3605360E+00 0.3535957E+00 0.3612306E+00 0.3272551E+00
 0.2589400E+00 0.3253211E+00 0.3005170E+00 0.2492496E+00
 0.2631186E+00 0.0000000E+00 0.0000000E+00
0Uq 1  332                  35     COM1  0.000     0.000     0.000     0
 0.0000000E+00 0.2678400E+07 0.5270400E+07 0.7948800E+07
 0.1054080E+08 0.1321920E+08 0.1581120E+08 0.1831680E+08
 0.2099520E+08 0.2358720E+08 0.2626560E+08 0.2972160E+08
 0.3240000E+08 0.3499200E+08 0.3767040E+08 0.4026240E+08
 0.4294080E+08 0.4553280E+08 0.4803840E+08 0.5071680E+08
 0.5330880E+08 0.5598720E+08 0.5857920E+08 0.6125760E+08
 0.6575040E+08 0.6851520E+08 0.7110720E+08 0.7378560E+08
 0.7646400E+08 0.7896960E+08 0.8164800E+08 0.8424000E+08
 0.8691840E+08 0.8925120E+08 0.3153600E+09
 0.2446953E+01 0.3754630E+01 0.3534857E+01 0.2868056E+01
 0.2045161E+01 0.2848796E+01 0.2633333E+01 0.3401613E+01
 0.2758426E+01 0.2844355E+01 0.3024444E+01 0.2446953E+01
 0.3754630E+01 0.3534857E+01 0.2868056E+01 0.2045161E+01
 0.2848796E+01 0.2633333E+01 0.3401613E+01 0.2758426E+01
 0.2844355E+01 0.3024444E+01 0.2769892E+01 0.2105710E+01
 0.1441526E+01 0.1221821E+01 0.1125418E+01 0.2366095E+01
 0.1713262E+01 0.3295408E+01 0.2209911E+01 0.1781422E+01
 0.1540194E+01 0.0000000E+00 0.0000000E+00
0ag 1  342                  35     COM1  0.000     0.000     0.000     0
 0.0000000E+00 0.2678400E+07 0.5270400E+07 0.7948800E+07
 0.1054080E+08 0.1321920E+08 0.1581120E+08 0.1831680E+08
 0.2099520E+08 0.2358720E+08 0.2626560E+08 0.2972160E+08
 0.3240000E+08 0.3499200E+08 0.3767040E+08 0.4026240E+08
 0.4294080E+08 0.4553280E+08 0.4803840E+08 0.5071680E+08
 0.5330880E+08 0.5598720E+08 0.5857920E+08 0.6125760E+08
 0.6575040E+08 0.6851520E+08 0.7110720E+08 0.7378560E+08
 0.7646400E+08 0.7896960E+08 0.8164800E+08 0.8424000E+08
 0.8691840E+08 0.8925120E+08 0.3153600E+09
 0.4439068E+00 0.3182407E+00 0.2353047E+00 0.3090741E+00
 0.3341398E+00 0.3789815E+00 0.3516284E+00 0.2770609E+00
 0.2328704E+00 0.2214158E+00 0.2287963E+00 0.4439068E+00
 0.3182407E+00 0.2353047E+00 0.3090741E+00 0.3341398E+00
 0.3789815E+00 0.3516284E+00 0.2770609E+00 0.2328704E+00
 0.2214158E+00 0.2287963E+00 0.2360215E+00 0.2169350E+00
 0.1978479E+00 0.2077238E+00 0.2193511E+00 0.1822805E+00
 0.1362987E+00 0.1413941E+00 0.1603472E+00 0.1477039E+00
 0.1388422E+01 0.0000000E+00 0.0000000E+00
0Ld 1  352                  35     COM1  0.000     0.000     0.000     0
 0.0000000E+00 0.2678400E+07 0.5270400E+07 0.7948800E+07
 0.1054080E+08 0.1321920E+08 0.1581120E+08 0.1831680E+08
 0.2099520E+08 0.2358720E+08 0.2626560E+08 0.2972160E+08
 0.3240000E+08 0.3499200E+08 0.3767040E+08 0.4026240E+08
 0.4294080E+08 0.4553280E+08 0.4803840E+08 0.5071680E+08
 0.5330880E+08 0.5598720E+08 0.5857920E+08 0.6125760E+08
 0.6575040E+08 0.6851520E+08 0.7110720E+08 0.7378560E+08
 0.7646400E+08 0.7896960E+08 0.8164800E+08 0.8424000E+08
 0.8691840E+08 0.8925120E+08 0.3153600E+09
 0.1016487E+01 0.3439444E+01 0.5196416E+01 0.3026759E+01
 0.1343817E+01 0.1050833E+01 0.1412261E+01 0.1612545E+01
 0.6483148E+01 0.8065681E+01 0.5971296E+01 0.1016487E+01
 0.3439444E+01 0.5196416E+01 0.3026759E+01 0.1343817E+01
 0.1050833E+01 0.1412261E+01 0.1612545E+01 0.6483148E+01
 0.8065681E+01 0.5971296E+01 0.4165054E+01 0.2946870E+01
 0.1728693E+01 0.1272180E+01 0.1147954E+01 0.1634711E+01
 0.5082411E+01 0.3121483E+01 0.2243912E+01 0.1766932E+01
 0.1494804E+01 0.0000000E+00 0.0000000E+00
0S0 1  362                  35     COM1  0.000     0.000     0.000     0
 0.0000000E+00 0.2678400E+07 0.5270400E+07 0.7948800E+07
 0.1054080E+08 0.1321920E+08 0.1581120E+08 0.1831680E+08
 0.2099520E+08 0.2358720E+08 0.2626560E+08 0.2972160E+08
 0.3240000E+08 0.3499200E+08 0.3767040E+08 0.4026240E+08
 0.4294080E+08 0.4553280E+08 0.4803840E+08 0.5071680E+08
 0.5330880E+08 0.5598720E+08 0.5857920E+08 0.6125760E+08
 0.6575040E+08 0.6851520E+08 0.7110720E+08 0.7378560E+08
 0.7646400E+08 0.7896960E+08 0.8164800E+08 0.8424000E+08
 0.8691840E+08 0.8925120E+08 0.3153600E+09
 0.1744803E+01 0.4134259E+01 0.6253674E+01 0.4410926E+01
 0.2099194E+01 0.2400926E+01 0.2361494E+01 0.2361828E+01
 0.4892778E+01 0.3048925E+01 0.2206204E+01 0.1744803E+01
 0.4134259E+01 0.6253674E+01 0.4410926E+01 0.2099194E+01
 0.2400926E+01 0.2361494E+01 0.2361828E+01 0.4892778E+01
 0.3048925E+01 0.2206204E+01 0.1794534E+01 0.1464840E+01
 0.1135138E+01 0.9624228E+00 0.8987605E+00 0.1712063E+01
 0.6851014E+01 0.4105511E+01 0.2584101E+01 0.1917387E+01
 0.1525216E+01 0.0000000E+00 0.0000000E+00
0XK 1  372                  35     COM1  0.000     0.000     0.000     0
 0.0000000E+00 0.2678400E+07 0.5270400E+07 0.7948800E+07
 0.1054080E+08 0.1321920E+08 0.1581120E+08 0.1831680E+08
 0.2099520E+08 0.2358720E+08 0.2626560E+08 0.2972160E+08
 0.3240000E+08 0.3499200E+08 0.3767040E+08 0.4026240E+08
 0.4294080E+08 0.4553280E+08 0.4803840E+08 0.5071680E+08
 0.5330880E+08 0.5598720E+08 0.5857920E+08 0.6125760E+08
 0.6575040E+08 0.6851520E+08 0.7110720E+08 0.7378560E+08
 0.7646400E+08 0.7896960E+08 0.8164800E+08 0.8424000E+08
 0.8691840E+08 0.8925120E+08 0.3153600E+09
 0.1305018E+01 0.1108148E+01 0.3881452E+01 0.1761574E+01
 0.1102778E+01 0.1254630E+01 0.1531513E+01 0.1830108E+01
 0.1813148E+01 0.1556452E+01 0.1330741E+01 0.1305018E+01
 0.1108148E+01 0.3881452E+01 0.1761574E+01 0.1102778E+01
 0.1254630E+01 0.1531513E+01 0.1830108E+01 0.1813148E+01
 0.1556452E+01 0.1330741E+01 0.1451971E+01 0.1094200E+01
 0.7364258E+00 0.6463850E+00 0.5922155E+00 0.2016794E+01
 0.5902618E+01 0.2331388E+01 0.1266944E+01 0.9849126E+00
 0.1265888E+01 0.0000000E+00 0.0000000E+00
0cV 1  382                  35     COM1  0.000     0.000     0.000     0
 0.0000000E+00 0.2678400E+07 0.5270400E+07 0.7948800E+07
 0.1054080E+08 0.1321920E+08 0.1581120E+08 0.1831680E+08
 0.2099520E+08 0.2358720E+08 0.2626560E+08 0.2972160E+08
 0.3240000E+08 0.3499200E+08 0.3767040E+08 0.4026240E+08
 0.4294080E+08 0.4553280E+08 0.4803840E+08 0.5071680E+08
 0.5330880E+08 0.5598720E+08 0.5857920E+08 0.6125760E+08
 0.6575040E+08 0.6851520E+08 0.7110720E+08 0.7378560E+08
 0.7646400E+08 0.7896960E+08 0.8164800E+08 0.8424000E+08
 0.8691840E+08 0.8925120E+08 0.3153600E+09
 0.4358423E+00 0.2466667E+00 0.1687276E+00 0.2038889E+00
 0.1903226E+00 0.1830556E+00 0.1020115E+00 0.1344086E-02
 0.0000000E+00 0.8960570E-03 0.0000000E+00 0.4358423E+00
 0.2466667E+00 0.1687276E+00 0.2038889E+00 0.1903226E+00
 0.1830556E+00 0.1020115E+00 0.1344086E-02 0.0000000E+00
 0.8960570E-03 0.0000000E+00 0.1792110E-03 0.1257750E-03
 0.7233800E-04 0.3858020E-04 0.3838859E-01 0.9830869E-01
 0.6178560E-01 0.8305332E-01 0.1701775E+00 0.1475844E+00
 0.3107747E+01 0.0000000E+00 0.0000000E+00
0Of 1  392                  35     COM1  0.000     0.000     0.000     0
 0.0000000E+00 0.2678400E+07 0.5270400E+07 0.7948800E+07
 0.1054080E+08 0.1321920E+08 0.1581120E+08 0.1831680E+08
 0.2099520E+08 0.2358720E+08 0.2626560E+08 0.2972160E+08
 0.3240000E+08 0.3499200E+08 0.3767040E+08 0.4026240E+08
 0.4294080E+08 0.4553280E+08 0.4803840E+08 0.5071680E+08
 0.5330880E+08 0.5598720E+08 0.5857920E+08 0.6125760E+08
 0.6575040E+08 0.6851520E+08 0.7110720E+08 0.7378560E+08
 0.7646400E+08 0.7896960E+08 0.8164800E+08 0.8424000E+08
 0.8691840E+08 0.8925120E+08 0.3153600E+09
 0.1543907E+01 0.2700556E+01 0.4265860E+01 0.4864537E+01
 0.7511022E+01 0.5038241E+01 0.1881705E+01 0.6641577E+00
 0.5063426E+01 0.2372670E+01 0.2990463E+01 0.1543907E+01
 0.2700556E+01 0.4265860E+01 0.4864537E+01 0.7511022E+01
 0.5038241E+01 0.1881705E+01 0.6641577E+00 0.5063426E+01
 0.2372670E+01 0.2990463E+01 0.4940412E+01 0.4302560E+01
 0.3664714E+01 0.2906177E+01 0.2613728E+01 0.2046244E+01
 0.1445119E+01 0.1303483E+01 0.1155405E+01 0.1004379E+01
 0.9237468E+00 0.0000000E+00 0.0000000E+00
013 1  4 2                   1     COM1  1.814    0.2475E+06 0.000     0
02M 1  412                   1     COM1 0.8123    0.2475E+06 0.000     0
04A 1  422                   1     COM1  3.206    0.2475E+06 0.000     0
06Y 1  432                   1     COM1  2.550    0.2475E+06 0.000     0
09U 1  442                   1     COM1  1.428    0.2475E+06 0.000     0
0DI 1  452                   1     COM1  2.429    0.2475E+06 0.000     0
0HS 1  462                   1     COM1  3.087    0.2475E+06 0.000     0
0eD 1  472                  35     COM1  0.000     0.000     0.000     0
 0.0000000E+00 0.2678400E+07 0.5270400E+07 0.7948800E+07
 0.1054080E+08 0.1321920E+08 0.1581120E+08 0.1831680E+08
 0.2099520E+08 0.2358720E+08 0.2626560E+08 0.2972160E+08
 0.3240000E+08 0.3499200E+08 0.3767040E+08 0.4026240E+08
 0.4294080E+08 0.4553280E+08 0.4803840E+08 0.5071680E+08
 0.5330880E+08 0.5598720E+08 0.5857920E+08 0.6125760E+08
 0.6575040E+08 0.6851520E+08 0.7110720E+08 0.7378560E+08
 0.7646400E+08 0.7896960E+08 0.8164800E+08 0.8424000E+08
 0.8691840E+08 0.8925120E+08 0.3153600E+09
 0.1712186E+01 0.1035000E+01 0.7347670E+00 0.8600000E+00
 0.7592294E+00 0.7488889E+00 0.6449234E+00 0.4509857E+00
 0.3522222E+00 0.3165771E+00 0.3159259E+00 0.1712186E+01
 0.1035000E+01 0.7347670E+00 0.8600000E+00 0.7592294E+00
 0.7488889E+00 0.6449234E+00 0.4509857E+00 0.3522222E+00
 0.3165771E+00 0.3159259E+00 0.3316308E+00 0.3078800E+00
 0.2841291E+00 0.2785378E+00 0.2708632E+00 0.2461432E+00
 0.1792465E+00 0.1900836E+00 0.2857870E+00 0.2406287E+00
 0.2245893E+01 0.0000000E+00 0.0000000E+00
+++  
  208  533  330  748  506 1005  709 1258 1660 1994  971 1453 1825 2170 1220 1632
 1970 2334 2139 2408  326  722  431  901  618 1154  867 1373 1767 2096 1120 1558
 1912 2274 1341 1736 2066 2387 1529   65  146  258  406  588  824 1082 2493
