

          ---- Modelling Progress and Iteration Messages ----


 Description of column-headers and variables:
   ITERFL  = Iterations to solve flow
   ITERSQ  = Sequential transport-chemistry iterations
   MAXITCH = Maximum iterations to solve chemistry
   AVGITCH = Average iterations to solve chemistry
   DELTA-T = Current time step (days)
   Dt limit = Criterion limiting timestep
   Maxitch ID = Grid block: maximum chemical iterations

     STEP   Time(yr)   ITERFL ITERSQ MAXITCH AVGITCH Delta-t(day)  Dt limit       Maxitch ID
 ----------------------------------------------------------------------------------------------------------
       10  0.491176E-06     2     1      4    2.052  0.11574E-05  Flo_Delta_t       04F 1
       11  0.497514E-06     2     1      3    1.086  0.23148E-05  Flo_Delta_t       0H5 1
       12  0.510190E-06     2     1      3    1.099  0.46296E-05  Flo_Delta_t       04F 1
       13  0.535541E-06     2     1      3    1.125  0.92593E-05  Flo_Delta_t       03z 1
       14  0.586243E-06     2     1      3    1.147  0.18519E-04  Flo_Delta_t       02M 1
       15  0.687647E-06     2     1      4    1.173  0.37037E-04  Flo_Delta_t       0H5 1
       16  0.890455E-06     2     1      5    1.210  0.74074E-04  Flo_Delta_t       0H5 1
       17  0.129607E-05     2     1      6    1.256  0.14815E-03  Flo_Delta_t       0H5 1
       18  0.210730E-05     2     1     10    1.319  0.29630E-03  Flo_Delta_t       0H5 1
       19  0.372977E-05     2     1    213    1.474  0.59259E-03  Flo_Delta_t       0H5 1
       20  0.470325E-05     2     1    207    1.430  0.35556E-03  Chm_Delta_t       0HJ 1
       21  0.528734E-05     2     1     15    1.257  0.21333E-03  Chm_Delta_t       04F 1
       22  0.645551E-05     2     1    207    1.452  0.42667E-03  Flo_Delta_t       0Hv 1
       23  0.715642E-05     2     1      6    1.275  0.25600E-03  Chm_Delta_t       0B6 1
       24  0.855823E-05     2     1    210    1.485  0.51200E-03  Flo_Delta_t       0B6 1
       25  0.939932E-05     2     1      7    1.309  0.30720E-03  Chm_Delta_t       03z 1
       26  0.110815E-04     2     1    212    1.608  0.61440E-03  Flo_Delta_t       0Uy 1
       27  0.120908E-04     2     1    206    1.802  0.36864E-03  Chm_Delta_t       0EK 1
       28  0.126964E-04     2     1    201    1.693  0.22118E-03  Chm_Delta_t       0V3 1
       29  0.130597E-04     2     1    189    1.358  0.13271E-03  Chm_Delta_t       0DD 1
       30  0.132777E-04     2     1      6    1.266  0.79626E-04  Chm_Delta_t       06s 1
       40  0.161732E-04     2     1    196    1.257  0.59441E-04  Chm_Delta_t       047 1
       50  0.196382E-04     2     1    199    1.308  0.14791E-03  Flo_Delta_t       06e 1
       60  0.231999E-04     2     1    199    1.354  0.11041E-03  Flo_Delta_t       0eN 1
       70  0.309911E-04     2     1    210    1.322  0.27474E-03  Chm_Delta_t       0SC 1
       80  0.424739E-04     2     1    211    1.707  0.68364E-03  Flo_Delta_t       0I0 1
       90  0.519136E-04     2     1    207    1.369  0.51034E-03  Flo_Delta_t       0IQ 1
      100  0.631663E-04     2     1    209    1.352  0.38096E-03  Chm_Delta_t       0Ln 1
      110  0.801924E-04     2     1    214    1.360  0.28439E-03  Chm_Delta_t       06q 1
      120  0.122723E-03     2     1    226    1.759  0.70765E-03  Flo_Delta_t       02F 1
      130  0.153024E-03     2     1    217    1.700  0.17609E-02  Flo_Delta_t       0MT 1
      140  0.238984E-03     2     1    227    1.709  0.43816E-02  Flo_Delta_t       0Li 1
      150  0.350022E-03     2     1    234    1.580  0.98125E-03  Flo_Delta_t       0cR 1
      160  0.421581E-03     2     1    229    1.727  0.24417E-02  Chm_Delta_t       0DG 1
      170  0.486577E-03     2     1    227    1.832  0.18227E-02  Flo_Delta_t       0VB 1
      180  0.553114E-03     2     1    228    1.677  0.13606E-02  Chm_Delta_t       0e3 1
      190  0.592578E-03     2     1    222    1.668  0.10157E-02  Chm_Delta_t       0Hd 1
      200  0.691255E-03     2     1    231    1.837  0.25274E-02  Chm_Delta_t       0HG 1
      210  0.809520E-03     2     1    229    2.031  0.62890E-02  Flo_Delta_t       0SR 1
      220  0.858702E-03     2     1    222    1.756  0.14084E-02  Flo_Delta_t       06K 1
      230  0.926947E-03     2     1    229    2.188  0.35046E-02  Chm_Delta_t       0IL 1
      240  0.104418E-02     2     1    229    1.836  0.26162E-02  Chm_Delta_t       0do 1
      250  0.115798E-02     2     1    231    2.115  0.65098E-02  Flo_Delta_t       0A8 1
      260  0.129135E-02     2     1    231    1.996  0.48596E-02  Flo_Delta_t       0Hz 1
      270  0.146102E-02     2     1    237    1.857  0.10883E-02  Chm_Delta_t       0LJ 1
      280  0.154535E-02     2     1    227    1.951  0.27080E-02  Flo_Delta_t       0VT 1
      290  0.175519E-02     2     1    234    2.196  0.67384E-02  Flo_Delta_t       06X 1
      300  0.189133E-02     2     1    229    2.057  0.50302E-02  Chm_Delta_t       0UW 1
      310  0.207110E-02     2     1    234    2.053  0.37550E-02  Chm_Delta_t       0JN 1
      320  0.221284E-02     2     1    229    2.394  0.93437E-02  Flo_Delta_t       0Da 1
      330  0.238144E-02     2     1    233    2.047  0.20925E-02  Chm_Delta_t       0Wh 1
      340  0.243846E-02     2     1    220    1.920  0.46862E-03  Chm_Delta_t       0Lq 1
      350  0.255968E-02     2     1    231    2.184  0.38869E-02  Chm_Delta_t       0IZ 1
      355  0.273791E-02     2     1    238    2.540  0.30115E-01  Flo_Delta_t       06o 1
      360  0.293342E-02     2     1    238    2.562  0.78059E-02  Chm_Delta_t       0AB 1
      370  0.305876E-02     2     1    229    2.081  0.17481E-02  Chm_Delta_t       0Hy 1
      380  0.320053E-02     2     1    232    2.635  0.14500E-01  Flo_Delta_t       09f 1
      390  0.337599E-02     2     1    230    2.154  0.32472E-02  Chm_Delta_t       0VE 1
      400  0.349407E-02     2     1    228    2.216  0.24240E-02  Chm_Delta_t       0JO 1
      410  0.374406E-02     2     1    243    2.228  0.60317E-02  Chm_Delta_t       0Ik 1
      420  0.387705E-02     2     1    230    2.213  0.45026E-02  Chm_Delta_t       03H 1
      430  0.403796E-02     2     1    229    2.194  0.33612E-02  Chm_Delta_t       0Rv 1
      440  0.432740E-02     2     1    240    2.364  0.83637E-02  Chm_Delta_t       0Sv 1
      450  0.455516E-02     2     1    237    2.357  0.62435E-02  Chm_Delta_t       0Sq 1
      460  0.470136E-02     2     1    232    2.211  0.13982E-02  Chm_Delta_t       07U 1
      470  0.516594E-02     2     1    247    2.449  0.11597E-01  Chm_Delta_t       0B3 1
      480  0.537721E-02     2     1    234    2.345  0.86574E-02  Chm_Delta_t       03I 1
      484  0.547582E-02     2     1    244    2.386  0.20823E-02  Flo_Delta_t       0VZ 1
      490  0.549287E-02     2     1    242    2.104  0.10795E-02  Chm_Delta_t       0Gl 1
      500  0.586396E-02     2     1    246    2.366  0.89537E-02  Chm_Delta_t       0Jp 1
      510  0.611891E-02     2     1    235    2.752  0.22280E-01  Flo_Delta_t       0HW 1
      520  0.650854E-02     2     1    238    2.579  0.16632E-01  Flo_Delta_t       0Gs 1
      530  0.684945E-02     2     1    236    2.511  0.12415E-01  Chm_Delta_t       0KU 1
      540  0.718261E-02     2     1    242    2.416  0.92681E-02  Flo_Delta_t       0R6 1
      550  0.780813E-02     2     1    246    2.725  0.23062E-01  Flo_Delta_t       0JW 1
      560  0.808984E-02     2     1    239    2.413  0.51647E-02  Chm_Delta_t       09x 1
      564  0.821373E-02     2     1    235    2.596  0.16328E-01  Flo_Delta_t       0Oh 1
      570  0.852766E-02     2     1    242    2.467  0.84642E-02  Chm_Delta_t       01u 1
      580  0.888622E-02     2     1    239    2.544  0.63185E-02  Chm_Delta_t       0QZ 1
      590  0.902620E-02     2     1    229    2.519  0.47168E-02  Chm_Delta_t       0LI 1
      600  0.918833E-02     2     1    230    2.513  0.11737E-01  Flo_Delta_t       0CW 1
      610  0.942458E-02     2     1    238    2.582  0.87615E-02  Flo_Delta_t       0Fs 1
      620  0.981554E-02     2     1    241    2.720  0.21801E-01  Chm_Delta_t       0TO 1
      630  0.101207E-01     2     1    235    2.565  0.16275E-01  Flo_Delta_t       0QB 1
      640  0.105065E-01     2     1    240    2.646  0.12149E-01  Chm_Delta_t       0Mr 1
      650  0.109516E-01     2     1    243    2.128  0.70879E-03  Chm_Delta_t       02t 1
      660  0.110401E-01     2     1    225    2.291  0.17637E-02  Chm_Delta_t       0QX 1
      670  0.113278E-01     2     1    236    2.766  0.14629E-01  Chm_Delta_t       0Aa 1
      680  0.116679E-01     2     1    237    2.661  0.10920E-01  Flo_Delta_t       0Ie 1
      690  0.123380E-01     2     1    245    2.843  0.27173E-01  Chm_Delta_t       0Th 1
      700  0.127507E-01     2     1    238    2.917  0.20285E-01  Flo_Delta_t       0PA 1
      710  0.131082E-01     2     1    240    2.532  0.45428E-02  Chm_Delta_t       00i 1
      720  0.134337E-01     2     1    240    2.619  0.11304E-01  Chm_Delta_t       0D9 1
      727  0.136896E-01     2     1    234    2.508  0.35716E-02  Chm_Delta_t       08d 1
      730  0.137717E-01     2     1    232    2.608  0.85718E-02  Chm_Delta_t       0Kg 1
      740  0.142714E-01     2     1    239    2.685  0.21329E-01  Flo_Delta_t       0BO 1
      750  0.150059E-01     2     1    252    3.440  0.53074E-01  Flo_Delta_t       0cn 1
      760  0.152804E-01     2     1    239    2.519  0.35658E-02  Chm_Delta_t       016 1
      770  0.155459E-01     2     1    238    2.865  0.29576E-01  Flo_Delta_t       0S2 1
      779  0.164275E-01     2     1    257    2.927  0.34218E-01  Chm_Delta_t       0bq 1
      780  0.164837E-01     2     1      9    2.702  0.20531E-01  Chm_Delta_t       0HA 1
      790  0.172174E-01     2     1    245    2.702  0.15326E-01  Chm_Delta_t       0cd 1
      800  0.175401E-01     2     1    235    2.768  0.11441E-01  Chm_Delta_t       0ZB 1
      810  0.179123E-01     2     1    240    2.848  0.85406E-02  Chm_Delta_t       04y 1
      820  0.181369E-01     2     1    231    2.727  0.63755E-02  Chm_Delta_t       0HV 1
      830  0.184030E-01     2     1    235    2.598  0.47593E-02  Chm_Delta_t       0EM 1
      840  0.188301E-01     2     1    246    2.972  0.39475E-01  Flo_Delta_t       0Dc 1
      844  0.191654E-01     2     1    244    3.156  0.56131E-01  Flo_Delta_t       08a 1
      850  0.198573E-01     2     1    252    2.851  0.29098E-01  Chm_Delta_t       0QC 1
      860  0.202175E-01     2     1    242    2.732  0.65165E-02  Chm_Delta_t       0Ja 1
      870  0.209931E-01     2     1    250    3.312  0.54051E-01  Flo_Delta_t       0LD 1
      880  0.219033E-01     2     1    249    2.888  0.33724E-01  Flo_Delta_t       0Ew 1
      890  0.224401E-01     2     1    241    2.851  0.25175E-01  Chm_Delta_t       0A3 1
      900  0.228619E-01     2     1    241    2.753  0.18793E-01  Flo_Delta_t       0Ne 1
      910  0.237444E-01     2     1    251    2.830  0.14029E-01  Chm_Delta_t       0Kt 1
      920  0.244479E-01     2     1    250    2.880  0.34909E-01  Chm_Delta_t       0CS 1
      923  0.246412E-01     2     1    246    2.791  0.77761E-02  Chm_Delta_t       08f 1
      930  0.248364E-01     2     1    234    2.965  0.26874E-01  Flo_Delta_t       0JT 1
      940  0.252595E-01     2     1    242    2.657  0.60184E-02  Chm_Delta_t       0cZ 1
      950  0.260728E-01     2     1    251    3.081  0.49919E-01  Flo_Delta_t       0P1 1
      960  0.266887E-01     2     1    244    2.894  0.37265E-01  Flo_Delta_t       0FT 1
      970  0.272137E-01     2     1    243    2.789  0.83454E-02  Chm_Delta_t       0J2 1
      975  0.273791E-01     2     1    224    2.833  0.13331E-01  Flo_Delta_t       0LH 1
      980  0.276165E-01     2     1    240    2.822  0.11518E-01  Chm_Delta_t       00d 1
      990  0.280919E-01     2     1    243    3.072  0.28661E-01  Flo_Delta_t       0Q2 1
     1000  0.287406E-01     2     1    250    2.785  0.21395E-01  Chm_Delta_t       0F3 1
     1010  0.295222E-01     2     1    245    3.065  0.53239E-01  Flo_Delta_t       0O5 1
     1020  0.298945E-01     2     1    245    2.830  0.11923E-01  Flo_Delta_t       0Jk 1
     1024  0.301170E-01     2     1    242    3.007  0.31208E-01  Flo_Delta_t       087 1
     1030  0.305017E-01     2     1    245    2.958  0.16178E-01  Chm_Delta_t       0Cw 1
     1040  0.309078E-01     2     1    249    3.026  0.40257E-01  Flo_Delta_t       0It 1
     1050  0.312226E-01     2     1    242    2.715  0.90154E-02  Flo_Delta_t       0En 1
     1060  0.318104E-01     2     1    248    3.063  0.22433E-01  Chm_Delta_t       0Pi 1
     1070  0.324519E-01     2     1    250    2.870  0.16746E-01  Chm_Delta_t       0Fq 1
     1076  0.328549E-01     2     1    251    2.565  0.45348E-02  Chm_Delta_t       0U9 1
     1080  0.329771E-01     2     1    232    2.676  0.65302E-02  Chm_Delta_t       0In 1
     1090  0.334300E-01     2     1    249    2.626  0.48747E-02  Chm_Delta_t       0QQ 1
     1100  0.342204E-01     2     1    254    2.737  0.12130E-01  Chm_Delta_t       0Q4 1
     1109  0.355928E-01     2     1    266    4.239  0.15949E+00  Flo_Delta_t       0QK 1
     1110  0.358548E-01     2     1    250    3.402  0.95693E-01  Chm_Delta_t       0Bv 1
     1120  0.364829E-01     2     1    253    2.678  0.64291E-02  Chm_Delta_t       04z 1
     1130  0.370815E-01     2     1    244    2.852  0.15998E-01  Chm_Delta_t       0D6 1
     1140  0.374256E-01     2     1    244    2.590  0.35827E-02  Flo_Delta_t       0G2 1
     1150  0.379614E-01     2     1    251    2.718  0.89148E-02  Flo_Delta_t       0Km 1
     1160  0.383308E-01     2     1    250    2.720  0.89953E-02  Flo_Delta_t       0EW 1
     1170  0.389021E-01     2     1    252    2.773  0.67150E-02  Chm_Delta_t       05F 1
     1180  0.394773E-01     2     1    251    2.764  0.16709E-01  Chm_Delta_t       0bo 1
     1190  0.401003E-01     2     1    246    2.830  0.12473E-01  Chm_Delta_t       0W4 1
     1200  0.404487E-01     2     1    244    2.716  0.93112E-02  Chm_Delta_t       0Js 1
     1207  0.410687E-01     2     1    256    2.716  0.85003E-02  Flo_Delta_t       0Nu 1
     1210  0.411990E-01     2     1    244    3.059  0.20401E-01  Flo_Delta_t       0Kb 1
     1220  0.418814E-01     2     1    247    2.939  0.15229E-01  Chm_Delta_t       0YN 1
     1230  0.424890E-01     2     1    250    2.826  0.37895E-01  Flo_Delta_t       0TS 1
     1240  0.433722E-01     2     1    260    2.803  0.28288E-01  Flo_Delta_t       0bn 1
     1242  0.438066E-01     2     1    259    3.595  0.10207E+00  Flo_Delta_t       0R7 1
     1250  0.443757E-01     2     1    251    2.860  0.19049E-01  Chm_Delta_t       0Ta 1
     1260  0.450743E-01     2     1    254    2.923  0.47400E-01  Flo_Delta_t       0BY 1
     1270  0.460866E-01     2     1    253    2.824  0.10615E-01  Chm_Delta_t       0AT 1
     1279  0.465445E-01     2     1    239    2.964  0.21164E-01  Flo_Delta_t       0T0 1
     1280  0.465793E-01     2     1    229    2.924  0.12698E-01  Chm_Delta_t       07A 1
     1290  0.473690E-01     2     1    251    2.907  0.31598E-01  Chm_Delta_t       0RL 1
     1300  0.479276E-01     2     1    252    2.673  0.70763E-02  Chm_Delta_t       0bd 1
     1310  0.484670E-01     2     1    248    2.856  0.17608E-01  Chm_Delta_t       0TE 1
     1320  0.491889E-01     2     1    251    2.913  0.43815E-01  Flo_Delta_t       0Ks 1
     1322  0.492824E-01     2     1    231    2.776  0.78543E-02  Flo_Delta_t       0Ij 1
     1330  0.497980E-01     2     1    250    3.215  0.54289E-01  Flo_Delta_t       0BR 1
     1340  0.502290E-01     2     1    240    2.740  0.12158E-01  Chm_Delta_t       07S 1
     1350  0.510496E-01     2     1    249    2.896  0.30253E-01  Flo_Delta_t       0ES 1
     1360  0.515011E-01     2     1    241    2.780  0.22584E-01  Chm_Delta_t       0XH 1
     1369  0.520203E-01     2     1    245    2.853  0.16316E-01  Flo_Delta_t       0Je 1
     1370  0.520471E-01     2     1      5    2.715  0.97897E-02  Chm_Delta_t       0TN 1
     1380  0.528685E-01     2     1    248    2.779  0.24360E-01  Chm_Delta_t       0Fn 1
     1390  0.538866E-01     2     1    253    2.840  0.60615E-01  Flo_Delta_t       0O1 1
     1398  0.547582E-01     2     1    260    2.720  0.10550E-01  Flo_Delta_t       0aR 1
     1400  0.548507E-01     2     1    238    2.738  0.12660E-01  Chm_Delta_t       0Bi 1
     1410  0.552226E-01     2     1    234    2.695  0.94503E-02  Flo_Delta_t       0I2 1
     1420  0.558829E-01     2     1    239    2.905  0.78384E-01  Flo_Delta_t       0Kl 1
     1430  0.563843E-01     2     1    245    2.752  0.17554E-01  Flo_Delta_t       0K1 1
     1440  0.577544E-01     2     1    261    2.735  0.13104E-01  Chm_Delta_t       0Tc 1
     1450  0.583895E-01     2     1    247    2.847  0.81518E-01  Flo_Delta_t       0aE 1
     1460  0.601275E-01     2     1    262    3.024  0.60853E-01  Flo_Delta_t       0SQ 1
     1470  0.608035E-01     2     1    250    2.730  0.13628E-01  Chm_Delta_t       0Gj 1
     1480  0.613104E-01     2     1    240    2.896  0.33910E-01  Flo_Delta_t       0HO 1
     1490  0.624453E-01     2     1    264    2.778  0.25314E-01  Chm_Delta_t       0GD 1
     1500  0.633701E-01     2     1    251    2.834  0.62989E-01  Flo_Delta_t       0cs 1
     1510  0.658646E-01     2     1    266    2.910  0.47021E-01  Chm_Delta_t       0db 1
     1520  0.669096E-01     2     1    260    2.796  0.10530E-01  Chm_Delta_t       0LO 1
     1530  0.675829E-01     2     1    247    2.865  0.26203E-01  Chm_Delta_t       04d 1
     1540  0.684894E-01     2     1    259    2.929  0.65201E-01  Chm_Delta_t       0HB 1
     1550  0.693120E-01     2     1    249    2.903  0.48673E-01  Flo_Delta_t       0b7 1
     1560  0.702975E-01     2     1    253    2.880  0.36334E-01  Flo_Delta_t       0GZ 1
     1570  0.708979E-01     2     1    246    2.765  0.27123E-01  Chm_Delta_t       0BC 1
     1580  0.720469E-01     2     1    261    2.837  0.20247E-01  Chm_Delta_t       0Mz 1
     1590  0.733519E-01     2     1    250    2.909  0.50382E-01  Flo_Delta_t       0Lh 1
     1600  0.739925E-01     2     1    261    2.789  0.37610E-01  Chm_Delta_t       0NO 1
     1610  0.753804E-01     2     1    258    2.639  0.84227E-02  Chm_Delta_t       0Di 1
     1620  0.761837E-01     2     1    257    2.713  0.15719E-01  Chm_Delta_t       0cb 1
     1630  0.770132E-01     2     1    260    2.883  0.39113E-01  Flo_Delta_t       0NR 1
     1640  0.776592E-01     2     1    259    2.652  0.87593E-02  Chm_Delta_t       0Z0 1
     1650  0.786140E-01     2     1    247    2.922  0.72653E-01  Flo_Delta_t       0Wg 1
     1660  0.802356E-01     2     1    266    3.187  0.54236E-01  Chm_Delta_t       03M 1
     1670  0.807346E-01     2     1    249    2.677  0.12146E-01  Flo_Delta_t       0bN 1
     1680  0.818922E-01     2     1    253    2.769  0.30223E-01  Chm_Delta_t       0cx 1
     1682  0.821373E-01     2     1    256    2.861  0.29092E-01  Chm_Delta_t       0C4 1
     1690  0.830857E-01     2     1    255    2.810  0.18098E-01  Chm_Delta_t       0Nn 1
     1700  0.834601E-01     2     1    245    2.886  0.45033E-01  Flo_Delta_t       02P 1
     1710  0.843699E-01     2     1    257    2.873  0.33617E-01  Chm_Delta_t       037 1
     1720  0.851146E-01     2     1    287    2.882  0.25095E-01  Chm_Delta_t       0N6 1
     1730  0.854542E-01     2     1    245    2.772  0.18733E-01  Flo_Delta_t       0Mq 1
     1740  0.860716E-01     2     1    255    2.707  0.10488E-01  Chm_Delta_t       0Nk 1
     1750  0.871255E-01     2     1    268    2.788  0.26098E-01  Flo_Delta_t       0NH 1
     1760  0.882230E-01     2     1    267    3.063  0.64940E-01  Flo_Delta_t       0MZ 1
     1770  0.891883E-01     2     1    255    2.750  0.14543E-01  Chm_Delta_t       07x 1
     1780  0.897628E-01     2     1    251    2.906  0.10856E-01  Flo_Delta_t       0J3 1
     1790  0.903908E-01     2     1    254    2.783  0.81043E-02  Chm_Delta_t       0IT 1
     1800  0.910870E-01     2     1    245    2.938  0.67220E-01  Flo_Delta_t       0SA 1
     1810  0.918389E-01     2     1    257    2.753  0.15054E-01  Chm_Delta_t       0Bj 1
     1820  0.930521E-01     2     1    257    3.009  0.37459E-01  Chm_Delta_t       0DX 1
     1830  0.938195E-01     2     1    261    2.795  0.27963E-01  Flo_Delta_t       0OJ 1
     1840  0.955443E-01     2     1    259    2.771  0.20874E-01  Chm_Delta_t       02m 1
     1850  0.964185E-01     2     1    251    2.844  0.15582E-01  Chm_Delta_t       0Zu 1
     1860  0.970141E-01     2     1    246    2.899  0.38774E-01  Flo_Delta_t       0Ia 1
     1870  0.984188E-01     2     1    266    3.074  0.28945E-01  Chm_Delta_t       0N2 1
     1880  0.998356E-01     2     1    257    3.052  0.72024E-01  Chm_Delta_t       0Jt 1
     1890  0.100339E+00     2     1    248    2.750  0.16130E-01  Flo_Delta_t       0Lm 1
     1900  0.101284E+00     2     1    251    2.897  0.40136E-01  Chm_Delta_t       0VI 1
     1910  0.102194E+00     2     1    250    2.975  0.99871E-01  Flo_Delta_t       0NZ 1
     1920  0.102987E+00     2     1    256    2.953  0.22366E-01  Chm_Delta_t       0VV 1
     1930  0.104133E+00     2     1    254    2.916  0.55654E-01  Chm_Delta_t       0dJ 1
     1940  0.105534E+00     2     1    258    2.807  0.41545E-01  Chm_Delta_t       0Ca 1
     1950  0.106881E+00     2     1    254    2.887  0.31013E-01  Chm_Delta_t       0ZD 1
     1960  0.107676E+00     2     1    250    2.948  0.23151E-01  Chm_Delta_t       0Vq 1
     1970  0.108561E+00     2     1    247    2.912  0.57608E-01  Flo_Delta_t       0V0 1
     1980  0.109516E+00     2     1    247    2.846  0.29671E-01  Flo_Delta_t       0Ef 1
     1990  0.110150E+00     2     1    256    2.652  0.66448E-02  Chm_Delta_t       0CD 1
     2000  0.110976E+00     2     1    245    2.810  0.55114E-01  Flo_Delta_t       0NE 1
     2010  0.113792E+00     2     1    263    2.792  0.41143E-01  Chm_Delta_t       01w 1
     2020  0.117335E+00     2     1    263    3.134  0.10238E+00  Chm_Delta_t       0Yv 1
     2030  0.119229E+00     2     1    267    2.743  0.22927E-01  Chm_Delta_t       0Lb 1
     2040  0.123144E+00     2     1    269    2.795  0.57050E-01  Chm_Delta_t       0La 1
     2050  0.127869E+00     2     1    266    2.948  0.14196E+00  Flo_Delta_t       0VW 1
     2060  0.130755E+00     2     1    265    2.824  0.10597E+00  Chm_Delta_t       0RK 1
     2070  0.133576E+00     2     1    256    2.813  0.79107E-01  Flo_Delta_t       09N 1
     2078  0.136896E+00     2     1    260    2.713  0.17627E-01  Chm_Delta_t       03G 1
     2080  0.137050E+00     2     1    247    2.803  0.21153E-01  Chm_Delta_t       01l 1
     2090  0.139393E+00     2     1    263    2.949  0.17545E+00  Flo_Delta_t       0Ko 1
     2100  0.141913E+00     2     1    263    2.767  0.39291E-01  Chm_Delta_t       03q 1
     2110  0.145200E+00     2     1    267    3.539  0.32590E+00  Flo_Delta_t       0MN 1
     2120  0.148432E+00     2     1    262    2.884  0.72984E-01  Chm_Delta_t       0B1 1
     2130  0.150245E+00     2     1    255    2.779  0.54483E-01  Flo_Delta_t       0Nc 1
     2140  0.153246E+00     2     1    268    3.117  0.13557E+00  Chm_Delta_t       0U4 1
     2150  0.160942E+00     2     1    269    3.146  0.33734E+00  Chm_Delta_t       04c 1
     2156  0.164275E+00     2     1    270    2.824  0.13404E+00  Flo_Delta_t       0Zt 1
     2160  0.166858E+00     2     1    265    2.931  0.19302E+00  Chm_Delta_t       0F0 1
     2170  0.167997E+00     2     1    291    2.813  0.43226E-01  Flo_Delta_t       0K0 1
     2180  0.169748E+00     2     1    264    3.071  0.10756E+00  Flo_Delta_t       0T4 1
     2190  0.171885E+00     2     1    265    3.241  0.80293E-01  Chm_Delta_t       0UE 1
     2200  0.174497E+00     2     1    287    2.908  0.59938E-01  Chm_Delta_t       0bR 1
     2210  0.175546E+00     2     1    263    2.795  0.44744E-01  Flo_Delta_t       0b8 1
     2220  0.178305E+00     2     1    273    2.776  0.33401E-01  Chm_Delta_t       0a3 1
     2230  0.180525E+00     2     1    270    2.824  0.83112E-01  Flo_Delta_t       0Za 1
     2240  0.186158E+00     2     1    283    2.898  0.20681E+00  Chm_Delta_t       0aw 1
     2250  0.190567E+00     2     1    274    2.855  0.15438E+00  Flo_Delta_t       01H 1
     2252  0.191654E+00     2     1    268    2.919  0.88195E-01  Chm_Delta_t       0V5 1
     2260  0.192776E+00     2     1    252    2.786  0.54864E-01  Chm_Delta_t       0Qa 1
     2270  0.195665E+00     2     1    269    2.938  0.13652E+00  Flo_Delta_t       0aW 1
     2280  0.200388E+00     2     1    273    2.957  0.33970E+00  Chm_Delta_t       0Cv 1
     2290  0.209431E+00     2     1    277    2.943  0.25359E+00  Flo_Delta_t       0at 1
     2300  0.218618E+00     2     1    279    2.824  0.18930E+00  Chm_Delta_t       0G3 1
     2301  0.219033E+00     2     1      5    2.802  0.15155E+00  Flo_Delta_t       064 1
     2310  0.230214E+00     2     1    278    3.181  0.62852E+00  Chm_Delta_t       0BI 1
     2320  0.237196E+00     2     1    275    2.975  0.14076E+00  Chm_Delta_t       0X7 1
     2330  0.246412E+00     2     1    284    2.815  0.23527E+00  Chm_Delta_t       0XS 1
     2340  0.259919E+00     2     1    293    3.149  0.58542E+00  Chm_Delta_t       0Xs 1
     2350  0.267233E+00     2     1    273    2.780  0.13110E+00  Flo_Delta_t       0ZC 1
     2360  0.272109E+00     2     1    264    2.829  0.32623E+00  Flo_Delta_t       0Xx 1
     2361  0.273791E+00     2     1    163    3.016  0.61438E+00  Flo_Delta_t       0cu 1
     2370  0.280714E+00     2     1    275    2.791  0.22932E+00  Chm_Delta_t       0Y7 1
     2380  0.292056E+00     2     1    279    2.977  0.57061E+00  Flo_Delta_t       0bI 1
     2389  0.301170E+00     2     1    283    2.781  0.19289E+00  Chm_Delta_t       0Xt 1
     2390  0.302227E+00     2     1      5    2.824  0.38579E+00  Flo_Delta_t       0XV 1
     2400  0.315256E+00     2     1    276    3.440  0.95997E+00  Flo_Delta_t       00h 1
     2410  0.326921E+00     2     1    279    3.233  0.71661E+00  Flo_Delta_t       0Hq 1
     2412  0.328549E+00     2     1    274    2.733  0.16461E+00  Chm_Delta_t       0Xz 1
     2420  0.334900E+00     2     1    306    2.756  0.10240E+00  Chm_Delta_t       0C5 1
     2430  0.339803E+00     3     1    300    2.953  0.76444E-01  Chm_Delta_t       0ay 1
     2440  0.347214E+00     2     1    286    3.144  0.63405E+00  Flo_Delta_t       0F1 1
     2450  0.355794E+00     2     1    279    2.921  0.47332E+00  Flo_Delta_t       0Cu 1
     2451  0.355928E+00     2     1     10    2.647  0.48968E-01  Chm_Delta_t       0dJ 1
     2460  0.361328E+00     2     1    281    2.754  0.20308E+00  Chm_Delta_t       0EM 1
     2470  0.372198E+00     2     1    274    2.722  0.15160E+00  Chm_Delta_t       0KQ 1
     2479  0.383308E+00     2     1    277    2.767  0.29562E+00  Chm_Delta_t       0bQ 1
     2480  0.384926E+00     2     1      5    2.857  0.59125E+00  Flo_Delta_t       0bQ 1
     2490  0.397963E+00     2     1    273    2.891  0.44136E+00  Chm_Delta_t       0XY 1
     2497  0.410687E+00     2     1    278    3.447  0.10139E+01  Flo_Delta_t       06z 1
     2500  0.417682E+00     2     1    280    2.867  0.73001E+00  Chm_Delta_t       0H3 1
     2507  0.438066E+00     2     1    291    3.715  0.23758E+01  Flo_Delta_t       0IH 1
     2510  0.445715E+00     2     1    278    2.976  0.51317E+00  Chm_Delta_t       0C6 1
     2520  0.454554E+00     2     1    275    2.902  0.38308E+00  Chm_Delta_t       0Fx 1
     2530  0.457930E+00     2     1    269    2.621  0.85790E-01  Flo_Delta_t       0Y7 1
     2540  0.465260E+00     2     1    268    2.777  0.21347E+00  Chm_Delta_t       0JE 1
     2541  0.465445E+00     2     1     11    2.584  0.67650E-01  Chm_Delta_t       0cl 1
     2550  0.479697E+00     2     1    279    3.104  0.93520E+00  Chm_Delta_t       0cj 1
     2560  0.492824E+00     2     1    276    2.587  0.97643E-01  Chm_Delta_t       0Cq 1
     2570  0.505208E+00     2     1    301    2.753  0.24297E+00  Chm_Delta_t       0Wc 1
     2580  0.514805E+00     2     1    279    2.706  0.18137E+00  Flo_Delta_t       0HP 1
     2589  0.520203E+00     2     1    262    2.707  0.18449E+00  Chm_Delta_t       0dM 1
     2590  0.521213E+00     2     1     12    2.790  0.36898E+00  Flo_Delta_t       0bU 1
     2600  0.533382E+00     2     1    283    2.730  0.27544E+00  Chm_Delta_t       0Fu 1
     2606  0.547582E+00     2     1    179    3.197  0.15289E+01  Flo_Delta_t       0F1 1
     2610  0.554313E+00     2     1    279    3.140  0.66047E+00  Flo_Delta_t       0Bb 1
     2620  0.574525E+00     2     1    283    3.192  0.16435E+01  Flo_Delta_t       0XX 1
     2621  0.574961E+00     2     1    278    2.764  0.15936E+00  Chm_Delta_t       0dM 1
     2630  0.580700E+00     3     1    295    3.138  0.19827E+00  Flo_Delta_t       0Xu 1
     2640  0.587883E+00     2     1    296    2.671  0.14801E+00  Chm_Delta_t       0XT 1
     2650  0.600528E+00     2     1    294    2.837  0.36830E+00  Chm_Delta_t       0Xe 1
     2654  0.602341E+00     2     1    172    2.454  0.43156E-01  Flo_Delta_t       0XX 1
     2660  0.604445E+00     2     1    176    2.548  0.74573E-01  Chm_Delta_t       0Vj 1
     2670  0.617183E+00     2     1    277    2.953  0.61854E+00  Chm_Delta_t       0Ac 1
     2677  0.629720E+00     2     1    287    2.809  0.52616E+00  Chm_Delta_t       0Y2 1
     2680  0.635367E+00     2     1    284    2.910  0.37883E+00  Chm_Delta_t       0b7 1
     2690  0.641873E+00     2     1    270    2.738  0.28280E+00  Flo_Delta_t       0Bq 1
     2700  0.655715E+00     2     1    284    3.039  0.70369E+00  Chm_Delta_t       0Fr 1
     2702  0.657099E+00     2     1      9    2.492  0.83206E-01  Flo_Delta_t       0Wu 1
     2710  0.663691E+00     2     1    278    2.600  0.17254E+00  Chm_Delta_t       0b9 1
     2720  0.673939E+00     2     1    313    2.939  0.42932E+00  Flo_Delta_t       0Wu 1
     2730  0.681443E+00     2     1    294    2.887  0.32049E+00  Flo_Delta_t       0a3 1
     2736  0.684478E+00     2     1    264    2.676  0.79188E-01  Flo_Delta_t       0aF 1
     2740  0.685701E+00     2     1    260    2.640  0.11403E+00  Chm_Delta_t       0ZK 1
     2750  0.692247E+00     2     1    285    3.056  0.28374E+00  Chm_Delta_t       0C5 1
     2760  0.704093E+00     2     1    288    2.703  0.21181E+00  Chm_Delta_t       0X7 1
     2767  0.711857E+00     2     1    283    2.676  0.20248E+00  Chm_Delta_t       0at 1
     2770  0.719618E+00     2     1    291    3.413  0.16199E+01  Flo_Delta_t       0XU 1
     2780  0.735435E+00     2     1    293    2.529  0.10883E+00  Chm_Delta_t       0B8 1
     2784  0.739236E+00     2     1    283    2.884  0.47398E+00  Flo_Delta_t       0YQ 1
     2790  0.746431E+00     2     1    284    2.982  0.81904E+00  Flo_Delta_t       0Dm 1
     2800  0.757970E+00     2     1    302    2.664  0.18342E+00  Chm_Delta_t       0cL 1
     2808  0.766615E+00     2     1    268    3.043  0.95225E+00  Flo_Delta_t       0eG 1
     2810  0.771308E+00     2     1    171    2.971  0.11427E+01  Flo_Delta_t       0e5 1
     2820  0.782697E+00     2     1    282    2.884  0.85302E+00  Flo_Delta_t       0Ai 1
     2830  0.792506E+00     2     1    274    2.534  0.19103E+00  Flo_Delta_t       0KK 1
     2832  0.793994E+00     2     1    260    2.597  0.16140E+00  Chm_Delta_t       0YB 1
     2840  0.804589E+00     2     1    269    2.965  0.11156E+01  Flo_Delta_t       0YB 1
     2848  0.821373E+00     2     1    286    3.076  0.16376E+01  Flo_Delta_t       0XY 1
     2850  0.829444E+00     2     1    279    3.183  0.19652E+01  Flo_Delta_t       00H 1
     2860  0.846426E+00     2     1    298    3.239  0.14670E+01  Flo_Delta_t       0Xs 1
     2861  0.848753E+00     2     1    173    2.838  0.84958E+00  Chm_Delta_t       0Aj 1
     2870  0.864290E+00     2     1    179    2.907  0.10570E+01  Flo_Delta_t       0aW 1
     2879  0.876132E+00     2     1    273    2.269  0.49990E-01  Chm_Delta_t       0DJ 1
     2880  0.876405E+00     2     1      5    2.348  0.99981E-01  Flo_Delta_t       0cb 1
     2890  0.894764E+00     2     1    277    2.463  0.24878E+00  Chm_Delta_t       0Bk 1
     2899  0.903511E+00     2     1    273    2.126  0.24453E-01  Flo_Delta_t       0YW 1
     2900  0.903645E+00     2     1      3    2.227  0.48906E-01  Flo_Delta_t       002 1
     2910  0.908975E+00     2     1    180    2.597  0.40565E+00  Flo_Delta_t       0Xg 1
     2920  0.924479E+00     2     1    183    2.680  0.10094E+01  Flo_Delta_t       08I 1
     2922  0.930890E+00     2     1    181    2.518  0.32269E+00  Chm_Delta_t       07j 1
     2930  0.945615E+00     2     1    348    2.600  0.20074E+00  Chm_Delta_t       0eT 1
     2940  0.950294E+00     2     1    296    2.498  0.14985E+00  Flo_Delta_t       0cG 1
     2948  0.958269E+00     2     1    298    2.317  0.45301E-01  Chm_Delta_t       0bq 1
     2950  0.958666E+00     2     1    257    2.318  0.54362E-01  Chm_Delta_t       0bo 1
     2960  0.966481E+00     2     1    295    2.441  0.13527E+00  Chm_Delta_t       0Ar 1
     2970  0.974404E+00     2     1    288    2.768  0.33659E+00  Chm_Delta_t       08I 1
     2980  0.979297E+00     2     1    277    2.898  0.25127E+00  Chm_Delta_t       0aw 1
     2988  0.985648E+00     2     1    286    2.396  0.11732E+00  Chm_Delta_t       0b2 1
     2990  0.986676E+00     2     1    278    2.520  0.14078E+00  Chm_Delta_t       0Aj 1
     3000  0.993419E+00     2     1    270    2.692  0.35031E+00  Flo_Delta_t       0cP 1
     3010  0.999091E+00     2     1    286    2.545  0.26150E+00  Chm_Delta_t       09P 1
     3020  0.100726E+01     2     1    281    2.830  0.65071E+00  Flo_Delta_t       0ax 1
     3025  0.101303E+01     2     1    286    2.506  0.18584E+00  Flo_Delta_t       07j 1
     3030  0.101634E+01     2     1    260    2.478  0.16057E+00  Chm_Delta_t       0de 1
     3040  0.101894E+01     2     1    280    2.380  0.11986E+00  Chm_Delta_t       0ZD 1
     3050  0.102765E+01     2     1    307    2.651  0.89477E-01  Chm_Delta_t       0W9 1
     3060  0.102936E+01     2     1    281    2.485  0.66794E-01  Flo_Delta_t       0YT 1
     3070  0.103333E+01     2     1    281    2.542  0.16620E+00  Chm_Delta_t       0Wt 1
     3079  0.104041E+01     2     1    282    2.363  0.63832E-01  Flo_Delta_t       0Zu 1
     3080  0.104076E+01     2     1      4    2.468  0.12766E+00  Flo_Delta_t       0Xe 1
     3090  0.105316E+01     2     1    286    2.611  0.31767E+00  Chm_Delta_t       0Zy 1
     3098  0.106779E+01     2     1    286    2.515  0.24541E+00  Flo_Delta_t       09K 1
     3100  0.106994E+01     2     1    280    2.545  0.29449E+00  Chm_Delta_t       0Zs 1
     3110  0.108684E+01     2     1    285    2.842  0.73278E+00  Chm_Delta_t       0Wu 1
     3116  0.109516E+01     2     1    282    2.478  0.12038E+00  Chm_Delta_t       0aV 1
     3120  0.109813E+01     2     1      5    2.627  0.57784E+00  Flo_Delta_t       0bP 1
     3130  0.111351E+01     2     1    319    2.923  0.43136E+00  Flo_Delta_t       0ea 1
     3140  0.111727E+01     2     1    292    2.517  0.96602E-01  Chm_Delta_t       0bR 1
     3148  0.112254E+01     2     1    285    2.908  0.37645E+00  Flo_Delta_t       0bE 1
     3150  0.112353E+01     2     1    259    2.455  0.13552E+00  Chm_Delta_t       0cz 1
     3160  0.113099E+01     2     1    277    2.457  0.10117E+00  Chm_Delta_t       0Xx 1
     3170  0.113703E+01     2     1    280    2.345  0.75520E-01  Chm_Delta_t       0ay 1
     3180  0.114312E+01     2     1    279    2.578  0.18792E+00  Chm_Delta_t       0Xy 1
     3190  0.114896E+01     2     1    284    2.777  0.46760E+00  Flo_Delta_t       0YV 1
     3192  0.114992E+01     2     1    278    2.310  0.72482E-01  Chm_Delta_t       0Xz 1
     3200  0.115989E+01     2     1    284    3.598  0.16700E+01  Flo_Delta_t       0ZC 1
     3210  0.117546E+01     2     1    288    2.522  0.37399E+00  Chm_Delta_t       0bM 1
     3211  0.117730E+01     2     1      6    2.676  0.67417E+00  Flo_Delta_t       0bp 1
     3220  0.120255E+01     2     1    289    2.429  0.25163E+00  Chm_Delta_t       07y 1
     3222  0.120468E+01     2     1      6    2.427  0.27405E+00  Flo_Delta_t       0Zb 1
     3230  0.122219E+01     2     1    281    2.652  0.56827E+00  Chm_Delta_t       07y 1
     3236  0.123206E+01     2     1    275    2.616  0.86299E+00  Flo_Delta_t       0Ya 1
     3240  0.124869E+01     2     1    284    2.770  0.12427E+01  Chm_Delta_t       0Z6 1
     3247  0.125944E+01     2     1    176    2.373  0.33361E+00  Chm_Delta_t       0Zf 1
     3250  0.126302E+01     2     1    177    2.337  0.24020E+00  Chm_Delta_t       0dL 1
     3259  0.128682E+01     3     1    300    3.105  0.90215E+00  Chm_Delta_t       0aD 1
     3260  0.128830E+01     2     1      5    2.590  0.54129E+00  Chm_Delta_t       0YB 1
     3266  0.131420E+01     2     1    280    2.928  0.75481E+00  Chm_Delta_t       0YX 1
     3270  0.131752E+01     2     1    172    2.453  0.32608E+00  Flo_Delta_t       0e2 1
     3280  0.132873E+01     2     1    266    2.661  0.81139E+00  Flo_Delta_t       0bQ 1
     3288  0.134158E+01     2     1    269    2.250  0.10526E+00  Chm_Delta_t       0YS 1
     3290  0.134331E+01     2     1    171    2.458  0.42105E+00  Flo_Delta_t       0eB 1
     3300  0.135728E+01     2     1    273    2.401  0.31431E+00  Chm_Delta_t       04r 1
     3310  0.136669E+01     3     1    260    2.711  0.78211E+00  Flo_Delta_t       09r 1
     3313  0.136896E+01     2     1    285    2.258  0.75883E-01  Chm_Delta_t       0Y5 1
     3320  0.138822E+01     2     1    183    2.672  0.87417E+00  Chm_Delta_t       0ay 1
     3323  0.139633E+01     2     1    274    2.428  0.16682E+00  Chm_Delta_t       0bP 1
     3330  0.140597E+01     2     1    175    2.578  0.57654E+00  Chm_Delta_t       0bQ 1
     3340  0.141061E+01     2     1    275    2.491  0.43038E+00  Flo_Delta_t       0Y7 1
     3350  0.141608E+01     2     1    265    2.358  0.96384E-01  Chm_Delta_t       0Y7 1
     3358  0.142371E+01     2     1    278    2.468  0.30215E+00  Chm_Delta_t       0dM 1
     3360  0.142520E+01     2     1      5    2.375  0.36258E+00  Flo_Delta_t       0Y7 1
     3370  0.144701E+01     2     1    291    2.491  0.27066E+00  Chm_Delta_t       0Xg 1
     3374  0.145109E+01     2     1    259    2.592  0.35413E+00  Chm_Delta_t       0bU 1
     3380  0.145517E+01     2     1    266    2.683  0.61194E+00  Flo_Delta_t       0Z4 1
     3390  0.146355E+01     2     1    265    2.464  0.45681E+00  Chm_Delta_t       0bU 1
     3400  0.147747E+01     2     1    280    2.761  0.11367E+01  Flo_Delta_t       0Y8 1
     3401  0.147847E+01     2     1    165    2.476  0.36626E+00  Chm_Delta_t       0dE 1
     3410  0.150295E+01     2     1    288    2.424  0.45569E+00  Chm_Delta_t       0Y2 1
     3412  0.150585E+01     2     1      6    2.294  0.14685E+00  Flo_Delta_t       0YZ 1
     3420  0.152375E+01     3     1    281    2.754  0.10150E+01  Flo_Delta_t       0YZ 1
     3426  0.153323E+01     2     1    302    2.409  0.20178E+00  Flo_Delta_t       0Yc 1
     3430  0.153440E+01     2     1    273    2.271  0.87167E-01  Chm_Delta_t       0Zw 1
     3440  0.155089E+01     2     1    288    2.557  0.72300E+00  Chm_Delta_t       0ZS 1
     3445  0.156061E+01     2     1    176    2.407  0.40318E+00  Flo_Delta_t       0Ya 1
     3450  0.157465E+01     2     1    292    2.632  0.11611E+01  Flo_Delta_t       0aZ 1
     3454  0.158799E+01     2     1    266    2.429  0.31992E+00  Chm_Delta_t       0dc 1
     3460  0.159549E+01     2     1    179    2.503  0.55283E+00  Chm_Delta_t       0W6 1
     3470  0.160626E+01     2     1    282    2.434  0.41268E+00  Flo_Delta_t       0b9 1
     3480  0.161378E+01     2     1    308    2.724  0.30807E+00  Chm_Delta_t       0Zs 1
     3483  0.161537E+01     2     1    282    2.209  0.26342E-01  Chm_Delta_t       0aK 1
     3490  0.161806E+01     2     1    282    2.936  0.30345E+00  Flo_Delta_t       0aV 1
     3500  0.162604E+01     2     1    288    2.572  0.22653E+00  Chm_Delta_t       0YM 1
     3510  0.163914E+01     2     1    291    2.439  0.16910E+00  Chm_Delta_t       0aW 1
     3514  0.164275E+01     2     1     14    2.721  0.60742E+00  Flo_Delta_t       0bL 1
     3520  0.165396E+01     2     1    292    2.705  0.31489E+00  Chm_Delta_t       0at 1
     3530  0.166744E+01     2     1    286    2.710  0.78354E+00  Flo_Delta_t       0Xx 1
     3531  0.167013E+01     2     1    281    2.992  0.97988E+00  Flo_Delta_t       0YV 1
     3540  0.168350E+01     2     1    290    2.891  0.12191E+01  Flo_Delta_t       00A 1
     3549  0.169751E+01     3     1    302    2.607  0.45375E+00  Chm_Delta_t       0cL 1
     3550  0.169825E+01     2     1    264    2.466  0.27225E+00  Chm_Delta_t       0eG 1
     3560  0.171315E+01     2     1    278    2.706  0.67744E+00  Chm_Delta_t       0YY 1
     3568  0.172488E+01     2     1    279    2.437  0.53197E+00  Flo_Delta_t       0Yh 1
     3570  0.172955E+01     2     1    178    2.472  0.63836E+00  Chm_Delta_t       0aL 1
     3577  0.175226E+01     2     1    285    3.155  0.19345E+01  Flo_Delta_t       0cW 1
     3580  0.175849E+01     2     1    286    2.629  0.41785E+00  Chm_Delta_t       008 1
     3590  0.177882E+01     3     1    179    2.336  0.31192E+00  Chm_Delta_t       0Yz 1
     3591  0.177964E+01     2     1      5    2.320  0.30058E+00  Flo_Delta_t       0cs 1
     3600  0.179176E+01     2     1    283    2.336  0.37396E+00  Chm_Delta_t       0cb 1
     3605  0.180702E+01     2     1    289    2.610  0.63748E+00  Chm_Delta_t       0cF 1
     3610  0.181116E+01     2     1    269    2.237  0.16523E+00  Chm_Delta_t       0YS 1
     3620  0.182583E+01     2     1    264    2.647  0.13705E+01  Flo_Delta_t       02e 1
     3623  0.183440E+01     2     1    277    2.503  0.66474E+00  Flo_Delta_t       0XI 1
     3630  0.183917E+01     2     1    272    2.137  0.62028E-01  Chm_Delta_t       0cL 1
     3640  0.185376E+01     2     1    282    2.321  0.51449E+00  Chm_Delta_t       0cL 1
     3645  0.186178E+01     3     1    178    2.320  0.17180E+00  Flo_Delta_t       0YZ 1
     3650  0.186318E+01     2     1    277    2.230  0.14844E+00  Flo_Delta_t       0eE 1
     3659  0.188916E+01     2     1    285    2.774  0.11936E+00  Chm_Delta_t       0Ze 1
     3660  0.188936E+01     2     1      4    2.153  0.71616E-01  Chm_Delta_t       0YB 1
     3670  0.190475E+01     2     1    176    2.375  0.59401E+00  Chm_Delta_t       0Zw 1
     3677  0.191654E+01     2     1    264    2.327  0.18036E+00  Chm_Delta_t       0eT 1
     3680  0.191861E+01     2     1    155    2.356  0.43286E+00  Flo_Delta_t       0eT 1
     3690  0.192397E+01     2     1    264    2.162  0.96939E-01  Chm_Delta_t       009 1
     3700  0.193750E+01     2     1    271    2.394  0.80405E+00  Chm_Delta_t       0Hh 1
     3702  0.194392E+01     3     1    296    2.701  0.73693E+00  Chm_Delta_t       0YM 1
     3710  0.194958E+01     2     1    274    2.235  0.13753E+00  Flo_Delta_t       0dM 1
     3720  0.195422E+01     2     1    270    2.490  0.34222E+00  Flo_Delta_t       0bd 1
     3730  0.195923E+01     2     1    273    2.300  0.25546E+00  Flo_Delta_t       0bo 1
     3740  0.196935E+01     2     1    284    2.257  0.19070E+00  Chm_Delta_t       0cL 1
     3742  0.197130E+01     2     1    161    2.391  0.32892E+00  Flo_Delta_t       0YS 1
     3750  0.197778E+01     2     1    272    2.259  0.20461E+00  Chm_Delta_t       0bT 1
     3760  0.199078E+01     2     1    261    2.398  0.50914E+00  Flo_Delta_t       0dM 1
     3764  0.199868E+01     2     1    274    2.381  0.32732E-01  Chm_Delta_t       0dM 1
     3770  0.200206E+01     2     1    165    2.566  0.62845E+00  Flo_Delta_t       0bA 1
     3780  0.201753E+01     2     1    272    2.513  0.46914E+00  Chm_Delta_t       0bN 1
     3787  0.202605E+01     2     1    260    2.484  0.43201E+00  Chm_Delta_t       0eU 1
     3790  0.202804E+01     2     1    248    2.338  0.31105E+00  Flo_Delta_t       0d9 1
     3800  0.203433E+01     2     1    269    2.264  0.23220E+00  Chm_Delta_t       0Yh 1
     3810  0.204416E+01     2     1    178    2.244  0.17333E+00  Chm_Delta_t       0ZD 1
     3817  0.205343E+01     2     1    257    2.264  0.18311E+00  Chm_Delta_t       0eG 1
     3820  0.205764E+01     2     1    173    2.395  0.43946E+00  Chm_Delta_t       0a1 1
     3830  0.206827E+01     2     1    174    2.342  0.32806E+00  Chm_Delta_t       0YQ 1
     3838  0.208081E+01     2     1    174    2.229  0.85453E-01  Chm_Delta_t       0XU 1
     3840  0.208222E+01     2     1    166    2.341  0.34181E+00  Flo_Delta_t       0bN 1
     3850  0.209522E+01     2     1    179    2.386  0.25516E+00  Chm_Delta_t       0WU 1
     3860  0.210819E+01     2     1    181    3.273  0.15219E+01  Flo_Delta_t       07g 1
     3870  0.212860E+01     2     1    181    2.400  0.34084E+00  Chm_Delta_t       0Wd 1
     3875  0.213557E+01     2     1    180    2.580  0.62466E+00  Flo_Delta_t       0W9 1
     3880  0.213980E+01     2     1    172    2.411  0.53970E+00  Flo_Delta_t       0Xh 1
     3886  0.216295E+01     2     1    280    2.738  0.12886E+01  Flo_Delta_t       0ZE 1
     3890  0.216756E+01     2     1    306    2.465  0.16700E+00  Chm_Delta_t       0Xh 1
     3900  0.218118E+01     2     1    274    2.507  0.41555E+00  Chm_Delta_t       0XU 1
     3910  0.218912E+01     2     1    275    2.360  0.31021E+00  Flo_Delta_t       0Yj 1
     3912  0.219033E+01     2     1      8    2.274  0.25403E+00  Flo_Delta_t       0bO 1
     3920  0.219835E+01     2     1    274    2.362  0.52677E+00  Flo_Delta_t       0Zi 1
     3929  0.221771E+01     2     1    282    2.367  0.35802E+00  Flo_Delta_t       0YJ 1
     3930  0.221830E+01     2     1      9    2.248  0.21481E+00  Chm_Delta_t       0ZB 1
     3937  0.224509E+01     2     1    288    2.251  0.41432E-01  Chm_Delta_t       0ZE 1
     3938  0.224509E+01     2     1      3    1.084  0.11574E-06  Chm_Delta_t       002 1
     3940  0.224509E+01     2     1      3    1.029  0.46296E-06  Flo_Delta_t       002 1
     3950  0.224509E+01     2     1      3    1.166  0.47407E-03  Flo_Delta_t       002 1
     3960  0.224775E+01     2     1    164    2.371  0.48545E+00  Flo_Delta_t       0Y7 1
     3970  0.227419E+01     2     1    306    2.779  0.12080E+01  Chm_Delta_t       0cV 1
     3980  0.231171E+01     2     1    288    2.623  0.90174E+00  Flo_Delta_t       0ch 1
     3988  0.232722E+01     2     1    278    2.327  0.48899E+00  Chm_Delta_t       0ca 1
     3990  0.233151E+01     4     1    294    2.762  0.58679E+00  Chm_Delta_t       0Wc 1
     4000  0.234451E+01     2     1    307    2.566  0.43803E+00  Chm_Delta_t       0XL 1
     4010  0.234841E+01     2     1    274    2.253  0.98097E-01  Chm_Delta_t       0Xu 1
     4016  0.235460E+01     2     1    285    2.276  0.13662E+00  Flo_Delta_t       0Yj 1
     4020  0.235828E+01     2     1    271    2.300  0.19673E+00  Chm_Delta_t       0Yl 1
     4030  0.237313E+01     2     1    282    2.408  0.48953E+00  Chm_Delta_t       0ZV 1
     4040  0.239596E+01     2     1    282    2.612  0.12181E+01  Flo_Delta_t       0ZD 1
     4050  0.242530E+01     3     1    333    6.785  0.90931E+00  Flo_Delta_t       0eE 1
     4060  0.243115E+01     2     1    321    2.326  0.61092E-01  Chm_Delta_t       0eL 1
     4070  0.243400E+01     2     1    278    2.594  0.15202E+00  Flo_Delta_t       0Yr 1
     4080  0.243613E+01     2     1    268    2.412  0.11348E+00  Flo_Delta_t       0Y5 1
     4090  0.244018E+01     2     1    278    2.332  0.84712E-01  Chm_Delta_t       0aV 1
     4100  0.244465E+01     2     1    282    2.715  0.21079E+00  Flo_Delta_t       0ZG 1
     4110  0.244984E+01     2     1    275    2.597  0.15735E+00  Chm_Delta_t       0a5 1
     4120  0.245482E+01     2     1    285    2.980  0.39155E+00  Flo_Delta_t       0Z4 1
     4130  0.246296E+01     2     1    284    2.291  0.87687E-01  Chm_Delta_t       0Zl 1
     4140  0.246610E+01     2     1    272    2.272  0.65458E-01  Chm_Delta_t       0c7 1
     4150  0.247443E+01     2     1    281    3.034  0.54293E+00  Chm_Delta_t       0Zn 1
     4160  0.248049E+01     2     1    281    2.700  0.40530E+00  Flo_Delta_t       0Ze 1
     4170  0.249964E+01     2     1    296    2.596  0.30255E+00  Chm_Delta_t       0aG 1
     4180  0.250788E+01     2     1    290    2.339  0.22585E+00  Chm_Delta_t       0dA 1
     4190  0.252288E+01     2     1    270    2.535  0.56200E+00  Flo_Delta_t       0d9 1
     4200  0.254384E+01     2     1    287    2.401  0.41953E+00  Chm_Delta_t       0c1 1
     4210  0.257635E+01     2     1    291    2.603  0.10439E+01  Flo_Delta_t       07g 1
     4220  0.260413E+01     2     1    295    2.754  0.77928E+00  Flo_Delta_t       0dj 1
     4230  0.263392E+01     2     1    284    2.955  0.19391E+01  Flo_Delta_t       0d1 1
     4240  0.265101E+01     2     1    268    2.351  0.43426E+00  Flo_Delta_t       0di 1
     4250  0.266766E+01     2     1    276    2.282  0.32417E+00  Flo_Delta_t       0Yp 1
     4260  0.269535E+01     2     1    180    2.671  0.80665E+00  Chm_Delta_t       0cb 1
     4270  0.271175E+01     2     1    275    2.551  0.60216E+00  Chm_Delta_t       0dG 1
     4280  0.272958E+01     2     1    277    2.450  0.44951E+00  Chm_Delta_t       0bs 1
     4290  0.274450E+01     2     1    279    2.404  0.33556E+00  Chm_Delta_t       0bs 1
     4300  0.275570E+01     3     1    327    4.215  0.83497E+00  Flo_Delta_t       0eT 1
     4310  0.276074E+01     2     1    320    2.483  0.18699E+00  Flo_Delta_t       0ea 1
     4320  0.276452E+01     2     1    283    2.544  0.13959E+00  Flo_Delta_t       0bh 1
     4330  0.276967E+01     2     1    280    2.385  0.34734E+00  Flo_Delta_t       0dl 1
     4340  0.278400E+01     2     1    290    2.314  0.25929E+00  Chm_Delta_t       0cJ 1
     4350  0.279923E+01     2     1    292    2.374  0.19356E+00  Chm_Delta_t       0c1 1
     4360  0.280662E+01     2     1    282    2.499  0.48163E+00  Chm_Delta_t       0d3 1
     4370  0.281209E+01     2     1    277    2.410  0.35954E+00  Flo_Delta_t       0cQ 1
     4380  0.282095E+01     2     1    279    2.651  0.89464E+00  Flo_Delta_t       0dn 1
     4390  0.284174E+01     2     1    288    2.802  0.66785E+00  Flo_Delta_t       0e2 1
     4400  0.285079E+01     2     1    272    2.729  0.49855E+00  Chm_Delta_t       0cO 1
     4410  0.286701E+01     2     1    282    2.480  0.37216E+00  Chm_Delta_t       0bQ 1
     4420  0.289174E+01     2     1    181    2.889  0.92606E+00  Flo_Delta_t       0ZS 1
     4430  0.291057E+01     2     1    280    2.763  0.69130E+00  Chm_Delta_t       0cS 1
     4440  0.292453E+01     2     1    280    2.650  0.51605E+00  Chm_Delta_t       0ds 1
     4450  0.294014E+01     2     1    183    3.048  0.12841E+01  Flo_Delta_t       0YT 1
     4460  0.295131E+01     2     1    180    2.363  0.28757E+00  Chm_Delta_t       0Yi 1
     4470  0.296657E+01     2     1    275    2.770  0.71557E+00  Chm_Delta_t       06H 1
     4480  0.297451E+01     2     1    273    2.255  0.16025E+00  Chm_Delta_t       0dl 1
     4490  0.298874E+01     2     1    180    3.009  0.13292E+01  Flo_Delta_t       0XT 1
     4495  0.299801E+01     2     1    274    2.528  0.58030E+00  Chm_Delta_t       0cN 1

  ...done!   simulation finished

