INCON -- INITIAL CONDITIONS FOR  400 ELEMENTS AT TIME  0.315576E+09
A1  1           0.22000000E-01 0.80000000E-11 0.80000000E-11 0.80000000E-11
 0.1500000000000E+08 0.3000000000000E-01 0.0000000000000E+00 0.6000000000000E+02
A1  2           0.22000000E-01 0.80000000E-11 0.80000000E-11 0.80000000E-11
 0.1500000000000E+08 0.3000000000000E-01 0.0000000000000E+00 0.6000000000000E+02
A1  3           0.22000000E-01 0.80000000E-11 0.80000000E-11 0.80000000E-11
 0.1500000000000E+08 0.3000000000000E-01 0.0000000000000E+00 0.6000000000000E+02
A1  4           0.22000000E-01 0.80000000E-11 0.80000000E-11 0.80000000E-11
 0.1500000000000E+08 0.3000000000000E-01 0.0000000000000E+00 0.6000000000000E+02
A1  5           0.22000000E-01 0.80000000E-11 0.80000000E-11 0.80000000E-11
 0.1500000000000E+08 0.3000000000000E-01 0.0000000000000E+00 0.6000000000000E+02
A1  6           0.22000000E-01 0.80000000E-11 0.80000000E-11 0.80000000E-11
 0.1500000000000E+08 0.3000000000000E-01 0.0000000000000E+00 0.6000000000000E+02
A1  7           0.22000000E-01 0.80000000E-11 0.80000000E-11 0.80000000E-11
 0.1500000000000E+08 0.3000000000000E-01 0.0000000000000E+00 0.6000000000000E+02
A1  8           0.22000000E-01 0.80000000E-11 0.80000000E-11 0.80000000E-11
 0.1500000000000E+08 0.3000000000000E-01 0.0000000000000E+00 0.6000000000000E+02
A1  9           0.22000000E-01 0.80000000E-11 0.80000000E-11 0.80000000E-11
 0.1500000000000E+08 0.3000000000000E-01 0.0000000000000E+00 0.6000000000000E+02
A1 10           0.22000000E-01 0.80000000E-11 0.80000000E-11 0.80000000E-11
 0.1500000000000E+08 0.3000000000000E-01 0.0000000000000E+00 0.6000000000000E+02
A1 11           0.22000000E-01 0.80000000E-11 0.80000000E-11 0.80000000E-11
 0.1500000000000E+08 0.3000000000000E-01 0.0000000000000E+00 0.6000000000000E+02
A1 12           0.22000000E-01 0.80000000E-11 0.80000000E-11 0.80000000E-11
 0.1500000000000E+08 0.3000000000000E-01 0.0000000000000E+00 0.6000000000000E+02
A1 13           0.22000000E-01 0.80000000E-11 0.80000000E-11 0.80000000E-11
 0.1500000000000E+08 0.3000000000000E-01 0.0000000000000E+00 0.6000000000000E+02
A1 14           0.22000000E-01 0.80000000E-11 0.80000000E-11 0.80000000E-11
 0.1500000000000E+08 0.3000000000000E-01 0.0000000000000E+00 0.6000000000000E+02
A1 15           0.22000000E-01 0.80000000E-11 0.80000000E-11 0.80000000E-11
 0.1500000000000E+08 0.3000000000000E-01 0.0000000000000E+00 0.6000000000000E+02
A1 16           0.22000000E-01 0.80000000E-11 0.80000000E-11 0.80000000E-11
 0.1500000000000E+08 0.3000000000000E-01 0.0000000000000E+00 0.6000000000000E+02
A1 17           0.22000000E-01 0.80000000E-11 0.80000000E-11 0.80000000E-11
 0.1500000000000E+08 0.3000000000000E-01 0.0000000000000E+00 0.6000000000000E+02
A1 18           0.22000000E-01 0.80000000E-11 0.80000000E-11 0.80000000E-11
 0.1500000000000E+08 0.3000000000000E-01 0.0000000000000E+00 0.6000000000000E+02
A1 19           0.22000000E-01 0.80000000E-11 0.80000000E-11 0.80000000E-11
 0.1500000000000E+08 0.3000000000000E-01 0.0000000000000E+00 0.6000000000000E+02
A1 20           0.22000000E-01 0.80000000E-11 0.80000000E-11 0.80000000E-11
 0.1500000000000E+08 0.3000000000000E-01 0.0000000000000E+00 0.6000000000000E+02
A1 21           0.22000000E-01 0.80000000E-11 0.80000000E-11 0.80000000E-11
 0.1500000000000E+08 0.3000000000000E-01 0.0000000000000E+00 0.6000000000000E+02
A1 22           0.22000000E-01 0.80000000E-11 0.80000000E-11 0.80000000E-11
 0.1500000000000E+08 0.3000000000000E-01 0.0000000000000E+00 0.6000000000000E+02
A1 23           0.22000000E-01 0.80000000E-11 0.80000000E-11 0.80000000E-11
 0.1500000000000E+08 0.3000000000000E-01 0.0000000000000E+00 0.6000000000000E+02
A1 24           0.22000000E-01 0.80000000E-11 0.80000000E-11 0.80000000E-11
 0.1500000000000E+08 0.3000000000000E-01 0.0000000000000E+00 0.6000000000000E+02
A1 25           0.22000000E-01 0.80000000E-11 0.80000000E-11 0.80000000E-11
 0.1500000000000E+08 0.3000000000000E-01 0.0000000000000E+00 0.6000000000000E+02
A1 26           0.22000000E-01 0.80000000E-11 0.80000000E-11 0.80000000E-11
 0.1500000000000E+08 0.3000000000000E-01 0.0000000000000E+00 0.6000000000000E+02
A1 27           0.22000000E-01 0.80000000E-11 0.80000000E-11 0.80000000E-11
 0.1500000000000E+08 0.3000000000000E-01 0.0000000000000E+00 0.6000000000000E+02
A1 28           0.22000000E-01 0.80000000E-11 0.80000000E-11 0.80000000E-11
 0.1500000000000E+08 0.3000000000000E-01 0.0000000000000E+00 0.6000000000000E+02
A1 29           0.22000000E-01 0.80000000E-11 0.80000000E-11 0.80000000E-11
 0.1500000000000E+08 0.3000000000000E-01 0.0000000000000E+00 0.6000000000000E+02
A1 30           0.22000000E-01 0.80000000E-11 0.80000000E-11 0.80000000E-11
 0.1500000000000E+08 0.3000000000000E-01 0.0000000000000E+00 0.6000000000000E+02
A1 31           0.22000000E-01 0.80000000E-11 0.80000000E-11 0.80000000E-11
 0.1500000000000E+08 0.3000000000000E-01 0.0000000000000E+00 0.6000000000000E+02
A1 32           0.22000000E-01 0.80000000E-11 0.80000000E-11 0.80000000E-11
 0.1500000000000E+08 0.3000000000000E-01 0.0000000000000E+00 0.6000000000000E+02
A1 33           0.22000000E-01 0.80000000E-11 0.80000000E-11 0.80000000E-11
 0.1500000000000E+08 0.3000000000000E-01 0.0000000000000E+00 0.6000000000000E+02
A1 34           0.22000000E-01 0.80000000E-11 0.80000000E-11 0.80000000E-11
 0.1500000000000E+08 0.3000000000000E-01 0.0000000000000E+00 0.6000000000000E+02
A1 35           0.22000000E-01 0.80000000E-11 0.80000000E-11 0.80000000E-11
 0.1500000000000E+08 0.3000000000000E-01 0.0000000000000E+00 0.6000000000000E+02
A1 36           0.22000000E-01 0.80000000E-11 0.80000000E-11 0.80000000E-11
 0.1500000000000E+08 0.3000000000000E-01 0.0000000000000E+00 0.6000000000000E+02
A1 37           0.22000000E-01 0.80000000E-11 0.80000000E-11 0.80000000E-11
 0.1500000000000E+08 0.3000000000000E-01 0.0000000000000E+00 0.6000000000000E+02
A1 38           0.22000000E-01 0.80000000E-11 0.80000000E-11 0.80000000E-11
 0.1500000000000E+08 0.3000000000000E-01 0.0000000000000E+00 0.6000000000000E+02
A1 39           0.22000000E-01 0.80000000E-11 0.80000000E-11 0.80000000E-11
 0.1500000000000E+08 0.3000000000000E-01 0.0000000000000E+00 0.6000000000000E+02
A1 40           0.22000000E-01 0.80000000E-11 0.80000000E-11 0.80000000E-11
 0.1500000000000E+08 0.3000000000000E-01 0.0000000000000E+00 0.6000000000000E+02
A2  1           0.12400012E+00 0.57400000E-09 0.57400000E-09 0.57400000E-09
 0.1500990978026E+08 0.3000000000036E-01 0.0000000000000E+00 0.6049822695319E+02
A2  2           0.12400012E+00 0.57400000E-09 0.57400000E-09 0.57400000E-09
 0.1500990977928E+08 0.3000000000029E-01 0.0000000000000E+00 0.6049779620229E+02
A2  3           0.12400012E+00 0.57400000E-09 0.57400000E-09 0.57400000E-09
 0.1500990976756E+08 0.3000000000022E-01 0.0000000000000E+00 0.6049263366609E+02
A2  4           0.12400012E+00 0.57400000E-09 0.57400000E-09 0.57400000E-09
 0.1500990968328E+08 0.3000000000014E-01 0.0000000000000E+00 0.6045581479960E+02
A2  5           0.12400012E+00 0.57400000E-09 0.57400000E-09 0.57400000E-09
 0.1500990953644E+08 0.3000000000010E-01 0.0000000000000E+00 0.6039400818558E+02
A2  6           0.12400012E+00 0.57400000E-09 0.57400000E-09 0.57400000E-09
 0.1500990930753E+08 0.3000000000007E-01 0.0000000000000E+00 0.6030847713769E+02
A2  7           0.12400012E+00 0.57400000E-09 0.57400000E-09 0.57400000E-09
 0.1500990887198E+08 0.3000000000006E-01 0.0000000000000E+00 0.6020440275387E+02
A2  8           0.12400012E+00 0.57400000E-09 0.57400000E-09 0.57400000E-09
 0.1500990687703E+08 0.3000000000005E-01 0.0000000000000E+00 0.6013429687957E+02
A2  9           0.12400012E+00 0.57400000E-09 0.57400000E-09 0.57400000E-09
 0.1500990363689E+08 0.3000000000004E-01 0.0000000000000E+00 0.6009323444898E+02
A2 10           0.12400012E+00 0.57400000E-09 0.57400000E-09 0.57400000E-09
 0.1500990006703E+08 0.3000000000002E-01 0.0000000000000E+00 0.6006522600213E+02
A2 11           0.12400012E+00 0.57400000E-09 0.57400000E-09 0.57400000E-09
 0.1500989660211E+08 0.3000000000001E-01 0.0000000000000E+00 0.6004486221711E+02
A2 12           0.12400012E+00 0.57400000E-09 0.57400000E-09 0.57400000E-09
 0.1500989353966E+08 0.3000000000001E-01 0.0000000000000E+00 0.6002953816496E+02
A2 13           0.12400012E+00 0.57400000E-09 0.57400000E-09 0.57400000E-09
 0.1500989034386E+08 0.3000000000000E-01 0.0000000000000E+00 0.6001499895868E+02
A2 14           0.12400012E+00 0.57400000E-09 0.57400000E-09 0.57400000E-09
 0.1500988852147E+08 0.3000000000000E-01 0.0000000000000E+00 0.6000897682844E+02
A2 15           0.12400012E+00 0.57400000E-09 0.57400000E-09 0.57400000E-09
 0.1500989422821E+08 0.3000000000002E-01 0.0000000000000E+00 0.6002976090600E+02
A2 16           0.12400012E+00 0.57400000E-09 0.57400000E-09 0.57400000E-09
 0.1500990901466E+08 0.3000000000011E-01 0.0000000000000E+00 0.6014519409092E+02
A2 17           0.12400012E+00 0.57400000E-09 0.57400000E-09 0.57400000E-09
 0.1500988281399E+08 0.3000000000001E-01 0.0000000000000E+00 0.6001276870811E+02
A2 18           0.12400012E+00 0.57400000E-09 0.57400000E-09 0.57400000E-09
 0.1500990905830E+08 0.3000000000019E-01 0.0000000000000E+00 0.6016763179665E+02
A2 19           0.12400012E+00 0.57400000E-09 0.57400000E-09 0.57400000E-09
 0.1500987898209E+08 0.3000000000000E-01 0.0000000000000E+00 0.6000513194114E+02
A2 20           0.12400012E+00 0.57400000E-09 0.57400000E-09 0.57400000E-09
 0.1500990906091E+08 0.3000000000021E-01 0.0000000000000E+00 0.6018169204254E+02
A2 21           0.12400012E+00 0.57400000E-09 0.57400000E-09 0.57400000E-09
 0.1500987867517E+08 0.3000000000000E-01 0.0000000000000E+00 0.6000548146958E+02
A2 22           0.12400012E+00 0.57400000E-09 0.57400000E-09 0.57400000E-09
 0.1500990905660E+08 0.3000000000023E-01 0.0000000000000E+00 0.6019201093779E+02
A2 23           0.12400012E+00 0.57400000E-09 0.57400000E-09 0.57400000E-09
 0.1500987860206E+08 0.3000000000000E-01 0.0000000000000E+00 0.6000553584226E+02
A2 24           0.12400012E+00 0.57400000E-09 0.57400000E-09 0.57400000E-09
 0.1500990905657E+08 0.3000000000022E-01 0.0000000000000E+00 0.6018621100403E+02
A2 25           0.12400012E+00 0.57400000E-09 0.57400000E-09 0.57400000E-09
 0.1500987845004E+08 0.3000000000000E-01 0.0000000000000E+00 0.6000534404500E+02
A2 26           0.12400012E+00 0.57400000E-09 0.57400000E-09 0.57400000E-09
 0.1500990903766E+08 0.3000000000021E-01 0.0000000000000E+00 0.6017488704566E+02
A2 27           0.12400012E+00 0.57400000E-09 0.57400000E-09 0.57400000E-09
 0.1500987417665E+08 0.3000000000000E-01 0.0000000000000E+00 0.6000566509760E+02
A2 28           0.12400012E+00 0.57400000E-09 0.57400000E-09 0.57400000E-09
 0.1500990897433E+08 0.3000000000022E-01 0.0000000000000E+00 0.6023153977335E+02
A2 29           0.12400012E+00 0.57400000E-09 0.57400000E-09 0.57400000E-09
 0.1500987658993E+08 0.3000000000000E-01 0.0000000000000E+00 0.6000138826119E+02
A2 30           0.12400012E+00 0.57400000E-09 0.57400000E-09 0.57400000E-09
 0.1500990887263E+08 0.2999999999966E-01 0.0000000000000E+00 0.6022831975505E+02
A2 31           0.12400012E+00 0.57400000E-09 0.57400000E-09 0.57400000E-09
 0.1500990044274E+08 0.3000000000000E-01 0.0000000000000E+00 0.6001757182728E+02
A2 32           0.12400012E+00 0.57400000E-09 0.57400000E-09 0.57400000E-09
 0.1500990899465E+08 0.2999999999961E-01 0.0000000000000E+00 0.6004925729095E+02
A2 33           0.12400012E+00 0.57400000E-09 0.57400000E-09 0.57400000E-09
 0.1500990870423E+08 0.2999999999993E-01 0.0000000000000E+00 0.6003857114257E+02
A2 34           0.12400012E+00 0.57400000E-09 0.57400000E-09 0.57400000E-09
 0.1500990899008E+08 0.3000000000000E-01 0.0000000000000E+00 0.6003943447027E+02
A2 35           0.12400012E+00 0.57400000E-09 0.57400000E-09 0.57400000E-09
 0.1500990898932E+08 0.2999999999973E-01 0.0000000000000E+00 0.6003937141241E+02
A2 36           0.12400012E+00 0.57400000E-09 0.57400000E-09 0.57400000E-09
 0.1500990899004E+08 0.3000000000041E-01 0.0000000000000E+00 0.6003937374194E+02
A2 37           0.12400012E+00 0.57400000E-09 0.57400000E-09 0.57400000E-09
 0.1500990899004E+08 0.3000000000050E-01 0.0000000000000E+00 0.6003937393398E+02
A2 38           0.12400012E+00 0.57400000E-09 0.57400000E-09 0.57400000E-09
 0.1500990899004E+08 0.3000000000085E-01 0.0000000000000E+00 0.6003937320146E+02
A2 39           0.12400012E+00 0.57400000E-09 0.57400000E-09 0.57400000E-09
 0.1500990899003E+08 0.2999999999980E-01 0.0000000000000E+00 0.6003937384396E+02
A2 40           0.12400012E+00 0.57400000E-09 0.57400000E-09 0.57400000E-09
 0.1500990899003E+08 0.3000000000077E-01 0.0000000000000E+00 0.6003937632764E+02
A3  1           0.12400034E+00 0.57400000E-09 0.57400000E-09 0.57400000E-09
 0.1502724906940E+08 0.3000000000036E-01 0.0000000000000E+00 0.6069175592840E+02
A3  2           0.12400034E+00 0.57400000E-09 0.57400000E-09 0.57400000E-09
 0.1502724906871E+08 0.3000000000029E-01 0.0000000000000E+00 0.6069128578400E+02
A3  3           0.12400034E+00 0.57400000E-09 0.57400000E-09 0.57400000E-09
 0.1502724906046E+08 0.3000000000022E-01 0.0000000000000E+00 0.6068564740301E+02
A3  4           0.12400034E+00 0.57400000E-09 0.57400000E-09 0.57400000E-09
 0.1502724900071E+08 0.3000000000014E-01 0.0000000000000E+00 0.6064524359482E+02
A3  5           0.12400034E+00 0.57400000E-09 0.57400000E-09 0.57400000E-09
 0.1502724889125E+08 0.3000000000010E-01 0.0000000000000E+00 0.6057673312533E+02
A3  6           0.12400034E+00 0.57400000E-09 0.57400000E-09 0.57400000E-09
 0.1502724868840E+08 0.3000000000007E-01 0.0000000000000E+00 0.6048007312870E+02
A3  7           0.12400034E+00 0.57400000E-09 0.57400000E-09 0.57400000E-09
 0.1502724817106E+08 0.3000000000006E-01 0.0000000000000E+00 0.6035752189898E+02
A3  8           0.12400034E+00 0.57400000E-09 0.57400000E-09 0.57400000E-09
 0.1502724634526E+08 0.3000000000005E-01 0.0000000000000E+00 0.6025820365725E+02
A3  9           0.12400034E+00 0.57400000E-09 0.57400000E-09 0.57400000E-09
 0.1502724340389E+08 0.3000000000005E-01 0.0000000000000E+00 0.6018762620214E+02
A3 10           0.12400034E+00 0.57400000E-09 0.57400000E-09 0.57400000E-09
 0.1502724003882E+08 0.3000000000004E-01 0.0000000000000E+00 0.6013394676174E+02
A3 11           0.12400034E+00 0.57400000E-09 0.57400000E-09 0.57400000E-09
 0.1502723670256E+08 0.3000000000003E-01 0.0000000000000E+00 0.6009404400891E+02
A3 12           0.12400034E+00 0.57400000E-09 0.57400000E-09 0.57400000E-09
 0.1502723372224E+08 0.3000000000002E-01 0.0000000000000E+00 0.6006301769235E+02
A3 13           0.12400034E+00 0.57400000E-09 0.57400000E-09 0.57400000E-09
 0.1502723059301E+08 0.3000000000001E-01 0.0000000000000E+00 0.6003270916725E+02
A3 14           0.12400034E+00 0.57400000E-09 0.57400000E-09 0.57400000E-09
 0.1502722879746E+08 0.3000000000001E-01 0.0000000000000E+00 0.6001985880393E+02
A3 15           0.12400034E+00 0.57400000E-09 0.57400000E-09 0.57400000E-09
 0.1502723443931E+08 0.3000000000003E-01 0.0000000000000E+00 0.6006221948336E+02
A3 16           0.12400034E+00 0.57400000E-09 0.57400000E-09 0.57400000E-09
 0.1502724884278E+08 0.3000000000011E-01 0.0000000000000E+00 0.6026240487643E+02
A3 17           0.12400034E+00 0.57400000E-09 0.57400000E-09 0.57400000E-09
 0.1502722295985E+08 0.3000000000002E-01 0.0000000000000E+00 0.6002813104427E+02
A3 18           0.12400034E+00 0.57400000E-09 0.57400000E-09 0.57400000E-09
 0.1502724876883E+08 0.3000000000019E-01 0.0000000000000E+00 0.6029615097311E+02
A3 19           0.12400034E+00 0.57400000E-09 0.57400000E-09 0.57400000E-09
 0.1502721915225E+08 0.3000000000001E-01 0.0000000000000E+00 0.6001157941569E+02
A3 20           0.12400034E+00 0.57400000E-09 0.57400000E-09 0.57400000E-09
 0.1502724868484E+08 0.3000000000021E-01 0.0000000000000E+00 0.6031762276113E+02
A3 21           0.12400034E+00 0.57400000E-09 0.57400000E-09 0.57400000E-09
 0.1502721883308E+08 0.3000000000001E-01 0.0000000000000E+00 0.6001232959367E+02
A3 22           0.12400034E+00 0.57400000E-09 0.57400000E-09 0.57400000E-09
 0.1502724860482E+08 0.3000000000023E-01 0.0000000000000E+00 0.6033375023575E+02
A3 23           0.12400034E+00 0.57400000E-09 0.57400000E-09 0.57400000E-09
 0.1502721875742E+08 0.3000000000001E-01 0.0000000000000E+00 0.6001244919154E+02
A3 24           0.12400034E+00 0.57400000E-09 0.57400000E-09 0.57400000E-09
 0.1502724864217E+08 0.3000000000022E-01 0.0000000000000E+00 0.6032491663110E+02
A3 25           0.12400034E+00 0.57400000E-09 0.57400000E-09 0.57400000E-09
 0.1502721860401E+08 0.3000000000001E-01 0.0000000000000E+00 0.6001206945262E+02
A3 26           0.12400034E+00 0.57400000E-09 0.57400000E-09 0.57400000E-09
 0.1502724865855E+08 0.3000000000021E-01 0.0000000000000E+00 0.6030906415759E+02
A3 27           0.12400034E+00 0.57400000E-09 0.57400000E-09 0.57400000E-09
 0.1502721422022E+08 0.3000000000001E-01 0.0000000000000E+00 0.6001294033207E+02
A3 28           0.12400034E+00 0.57400000E-09 0.57400000E-09 0.57400000E-09
 0.1502724808712E+08 0.3000000000022E-01 0.0000000000000E+00 0.6040149563710E+02
A3 29           0.12400034E+00 0.57400000E-09 0.57400000E-09 0.57400000E-09
 0.1502721676094E+08 0.3000000000000E-01 0.0000000000000E+00 0.6000332434438E+02
A3 30           0.12400034E+00 0.57400000E-09 0.57400000E-09 0.57400000E-09
 0.1502724776189E+08 0.2999999999967E-01 0.0000000000000E+00 0.6041037570371E+02
A3 31           0.12400034E+00 0.57400000E-09 0.57400000E-09 0.57400000E-09
 0.1502724099079E+08 0.3000000000000E-01 0.0000000000000E+00 0.6003750844782E+02
A3 32           0.12400034E+00 0.57400000E-09 0.57400000E-09 0.57400000E-09
 0.1502724941120E+08 0.2999999999963E-01 0.0000000000000E+00 0.6009887534749E+02
A3 33           0.12400034E+00 0.57400000E-09 0.57400000E-09 0.57400000E-09
 0.1502724919483E+08 0.3000000000008E-01 0.0000000000000E+00 0.6007846755873E+02
A3 34           0.12400034E+00 0.57400000E-09 0.57400000E-09 0.57400000E-09
 0.1502724947759E+08 0.3000000000156E-01 0.0000000000000E+00 0.6008008715630E+02
A3 35           0.12400034E+00 0.57400000E-09 0.57400000E-09 0.57400000E-09
 0.1502724947725E+08 0.3000000000040E-01 0.0000000000000E+00 0.6007996573361E+02
A3 36           0.12400034E+00 0.57400000E-09 0.57400000E-09 0.57400000E-09
 0.1502724947796E+08 0.3000000000139E-01 0.0000000000000E+00 0.6007997010385E+02
A3 37           0.12400034E+00 0.57400000E-09 0.57400000E-09 0.57400000E-09
 0.1502724947795E+08 0.3000000000093E-01 0.0000000000000E+00 0.6007997049092E+02
A3 38           0.12400034E+00 0.57400000E-09 0.57400000E-09 0.57400000E-09
 0.1502724947796E+08 0.2999999999928E-01 0.0000000000000E+00 0.6007996901689E+02
A3 39           0.12400034E+00 0.57400000E-09 0.57400000E-09 0.57400000E-09
 0.1502724947795E+08 0.3000000000050E-01 0.0000000000000E+00 0.6007997032162E+02
A3 40           0.12400034E+00 0.57400000E-09 0.57400000E-09 0.57400000E-09
 0.1502724947792E+08 0.3000000000139E-01 0.0000000000000E+00 0.6007997535651E+02
A4  1           0.12400083E+00 0.57400000E-09 0.57400000E-09 0.57400000E-09
 0.1506687945066E+08 0.3000000000036E-01 0.0000000000000E+00 0.6078100615995E+02
A4  2           0.12400083E+00 0.57400000E-09 0.57400000E-09 0.57400000E-09
 0.1506687945045E+08 0.3000000000029E-01 0.0000000000000E+00 0.6078059617565E+02
A4  3           0.12400083E+00 0.57400000E-09 0.57400000E-09 0.57400000E-09
 0.1506687944798E+08 0.3000000000022E-01 0.0000000000000E+00 0.6077568252636E+02
A4  4           0.12400083E+00 0.57400000E-09 0.57400000E-09 0.57400000E-09
 0.1506687942892E+08 0.3000000000014E-01 0.0000000000000E+00 0.6074075776150E+02
A4  5           0.12400083E+00 0.57400000E-09 0.57400000E-09 0.57400000E-09
 0.1506687937881E+08 0.3000000000010E-01 0.0000000000000E+00 0.6068362411820E+02
A4  6           0.12400083E+00 0.57400000E-09 0.57400000E-09 0.57400000E-09
 0.1506687922414E+08 0.3000000000007E-01 0.0000000000000E+00 0.6060826055598E+02
A4  7           0.12400083E+00 0.57400000E-09 0.57400000E-09 0.57400000E-09
 0.1506687873631E+08 0.3000000000006E-01 0.0000000000000E+00 0.6052021917540E+02
A4  8           0.12400083E+00 0.57400000E-09 0.57400000E-09 0.57400000E-09
 0.1506687743794E+08 0.3000000000005E-01 0.0000000000000E+00 0.6043515344156E+02
A4  9           0.12400083E+00 0.57400000E-09 0.57400000E-09 0.57400000E-09
 0.1506687535100E+08 0.3000000000005E-01 0.0000000000000E+00 0.6035549334329E+02
A4 10           0.12400083E+00 0.57400000E-09 0.57400000E-09 0.57400000E-09
 0.1506687281281E+08 0.3000000000005E-01 0.0000000000000E+00 0.6027432378341E+02
A4 11           0.12400083E+00 0.57400000E-09 0.57400000E-09 0.57400000E-09
 0.1506687014990E+08 0.3000000000004E-01 0.0000000000000E+00 0.6020150776765E+02
A4 12           0.12400083E+00 0.57400000E-09 0.57400000E-09 0.57400000E-09
 0.1506686768571E+08 0.3000000000004E-01 0.0000000000000E+00 0.6014003842454E+02
A4 13           0.12400083E+00 0.57400000E-09 0.57400000E-09 0.57400000E-09
 0.1506686504891E+08 0.3000000000002E-01 0.0000000000000E+00 0.6007624649438E+02
A4 14           0.12400083E+00 0.57400000E-09 0.57400000E-09 0.57400000E-09
 0.1506686350588E+08 0.3000000000002E-01 0.0000000000000E+00 0.6004760036985E+02
A4 15           0.12400083E+00 0.57400000E-09 0.57400000E-09 0.57400000E-09
 0.1506686856747E+08 0.3000000000006E-01 0.0000000000000E+00 0.6013239676174E+02
A4 16           0.12400083E+00 0.57400000E-09 0.57400000E-09 0.57400000E-09
 0.1506688076250E+08 0.3000000000011E-01 0.0000000000000E+00 0.6041585260076E+02
A4 17           0.12400083E+00 0.57400000E-09 0.57400000E-09 0.57400000E-09
 0.1506685742384E+08 0.3000000000003E-01 0.0000000000000E+00 0.6006455619824E+02
A4 18           0.12400083E+00 0.57400000E-09 0.57400000E-09 0.57400000E-09
 0.1506688009304E+08 0.3000000000019E-01 0.0000000000000E+00 0.6045613125237E+02
A4 19           0.12400083E+00 0.57400000E-09 0.57400000E-09 0.57400000E-09
 0.1506685400689E+08 0.3000000000002E-01 0.0000000000000E+00 0.6002724104134E+02
A4 20           0.12400083E+00 0.57400000E-09 0.57400000E-09 0.57400000E-09
 0.1506687971779E+08 0.3000000000021E-01 0.0000000000000E+00 0.6047965677593E+02
A4 21           0.12400083E+00 0.57400000E-09 0.57400000E-09 0.57400000E-09
 0.1506685364761E+08 0.3000000000002E-01 0.0000000000000E+00 0.6002880908026E+02
A4 22           0.12400083E+00 0.57400000E-09 0.57400000E-09 0.57400000E-09
 0.1506687937874E+08 0.3000000000023E-01 0.0000000000000E+00 0.6049881570904E+02
A4 23           0.12400083E+00 0.57400000E-09 0.57400000E-09 0.57400000E-09
 0.1506685356401E+08 0.3000000000002E-01 0.0000000000000E+00 0.6002907217987E+02
A4 24           0.12400083E+00 0.57400000E-09 0.57400000E-09 0.57400000E-09
 0.1506687954118E+08 0.3000000000022E-01 0.0000000000000E+00 0.6048898109223E+02
A4 25           0.12400083E+00 0.57400000E-09 0.57400000E-09 0.57400000E-09
 0.1506685341162E+08 0.3000000000002E-01 0.0000000000000E+00 0.6002841439406E+02
A4 26           0.12400083E+00 0.57400000E-09 0.57400000E-09 0.57400000E-09
 0.1506687965927E+08 0.3000000000021E-01 0.0000000000000E+00 0.6047594811690E+02
A4 27           0.12400083E+00 0.57400000E-09 0.57400000E-09 0.57400000E-09
 0.1506684875200E+08 0.3000000000002E-01 0.0000000000000E+00 0.6003082524096E+02
A4 28           0.12400083E+00 0.57400000E-09 0.57400000E-09 0.57400000E-09
 0.1506687726518E+08 0.3000000000022E-01 0.0000000000000E+00 0.6059864134978E+02
A4 29           0.12400083E+00 0.57400000E-09 0.57400000E-09 0.57400000E-09
 0.1506685179044E+08 0.3000000000000E-01 0.0000000000000E+00 0.6000834993636E+02
A4 30           0.12400083E+00 0.57400000E-09 0.57400000E-09 0.57400000E-09
 0.1506687579110E+08 0.2999999999968E-01 0.0000000000000E+00 0.6065872206081E+02
A4 31           0.12400083E+00 0.57400000E-09 0.57400000E-09 0.57400000E-09
 0.1506687629477E+08 0.3000000000000E-01 0.0000000000000E+00 0.6008746119250E+02
A4 32           0.12400083E+00 0.57400000E-09 0.57400000E-09 0.57400000E-09
 0.1506688357473E+08 0.2999999999965E-01 0.0000000000000E+00 0.6020652978813E+02
A4 33           0.12400083E+00 0.57400000E-09 0.57400000E-09 0.57400000E-09
 0.1506688377708E+08 0.3000000000077E-01 0.0000000000000E+00 0.6016991909237E+02
A4 34           0.12400083E+00 0.57400000E-09 0.57400000E-09 0.57400000E-09
 0.1506688403177E+08 0.2999999999943E-01 0.0000000000000E+00 0.6017296263490E+02
A4 35           0.12400083E+00 0.57400000E-09 0.57400000E-09 0.57400000E-09
 0.1506688403391E+08 0.2999999999980E-01 0.0000000000000E+00 0.6017274138095E+02
A4 36           0.12400083E+00 0.57400000E-09 0.57400000E-09 0.57400000E-09
 0.1506688403454E+08 0.2999999999945E-01 0.0000000000000E+00 0.6017274954741E+02
A4 37           0.12400083E+00 0.57400000E-09 0.57400000E-09 0.57400000E-09
 0.1506688403453E+08 0.2999999999945E-01 0.0000000000000E+00 0.6017275036119E+02
A4 38           0.12400083E+00 0.57400000E-09 0.57400000E-09 0.57400000E-09
 0.1506688403458E+08 0.2999999999982E-01 0.0000000000000E+00 0.6017274726354E+02
A4 39           0.12400083E+00 0.57400000E-09 0.57400000E-09 0.57400000E-09
 0.1506688403453E+08 0.2999999999982E-01 0.0000000000000E+00 0.6017275008131E+02
A4 40           0.12400083E+00 0.57400000E-09 0.57400000E-09 0.57400000E-09
 0.1506688403434E+08 0.3000000000100E-01 0.0000000000000E+00 0.6017276090268E+02
A5  1           0.12400181E+00 0.57400000E-09 0.57400000E-09 0.57400000E-09
 0.1514614007083E+08 0.3000000000036E-01 0.0000000000000E+00 0.6079651752669E+02
A5  2           0.12400181E+00 0.57400000E-09 0.57400000E-09 0.57400000E-09
 0.1514614007022E+08 0.3000000000029E-01 0.0000000000000E+00 0.6079613308185E+02
A5  3           0.12400181E+00 0.57400000E-09 0.57400000E-09 0.57400000E-09
 0.1514614006287E+08 0.3000000000022E-01 0.0000000000000E+00 0.6079152960893E+02
A5  4           0.12400181E+00 0.57400000E-09 0.57400000E-09 0.57400000E-09
 0.1514614000879E+08 0.3000000000014E-01 0.0000000000000E+00 0.6075921654282E+02
A5  5           0.12400181E+00 0.57400000E-09 0.57400000E-09 0.57400000E-09
 0.1514613989974E+08 0.3000000000010E-01 0.0000000000000E+00 0.6070890173485E+02
A5  6           0.12400181E+00 0.57400000E-09 0.57400000E-09 0.57400000E-09
 0.1514613969162E+08 0.3000000000007E-01 0.0000000000000E+00 0.6064744705382E+02
A5  7           0.12400181E+00 0.57400000E-09 0.57400000E-09 0.57400000E-09
 0.1514613929380E+08 0.3000000000005E-01 0.0000000000000E+00 0.6058085843123E+02
A5  8           0.12400181E+00 0.57400000E-09 0.57400000E-09 0.57400000E-09
 0.1514613859375E+08 0.3000000000005E-01 0.0000000000000E+00 0.6051374842742E+02
A5  9           0.12400181E+00 0.57400000E-09 0.57400000E-09 0.57400000E-09
 0.1514613760077E+08 0.3000000000004E-01 0.0000000000000E+00 0.6044630534962E+02
A5 10           0.12400181E+00 0.57400000E-09 0.57400000E-09 0.57400000E-09
 0.1514613642439E+08 0.3000000000004E-01 0.0000000000000E+00 0.6037504197497E+02
A5 11           0.12400181E+00 0.57400000E-09 0.57400000E-09 0.57400000E-09
 0.1514613517740E+08 0.3000000000004E-01 0.0000000000000E+00 0.6029521056397E+02
A5 12           0.12400181E+00 0.57400000E-09 0.57400000E-09 0.57400000E-09
 0.1514613400209E+08 0.3000000000004E-01 0.0000000000000E+00 0.6021599530164E+02
A5 13           0.12400181E+00 0.57400000E-09 0.57400000E-09 0.57400000E-09
 0.1514613273758E+08 0.3000000000003E-01 0.0000000000000E+00 0.6012683954999E+02
A5 14           0.12400181E+00 0.57400000E-09 0.57400000E-09 0.57400000E-09
 0.1514613206775E+08 0.3000000000003E-01 0.0000000000000E+00 0.6008332175226E+02
A5 15           0.12400181E+00 0.57400000E-09 0.57400000E-09 0.57400000E-09
 0.1514613547164E+08 0.3000000000008E-01 0.0000000000000E+00 0.6020487996812E+02
A5 16           0.12400181E+00 0.57400000E-09 0.57400000E-09 0.57400000E-09
 0.1514614262779E+08 0.3000000000011E-01 0.0000000000000E+00 0.6051453335893E+02
A5 17           0.12400181E+00 0.57400000E-09 0.57400000E-09 0.57400000E-09
 0.1514612620240E+08 0.3000000000005E-01 0.0000000000000E+00 0.6010439186075E+02
A5 18           0.12400181E+00 0.57400000E-09 0.57400000E-09 0.57400000E-09
 0.1514613974645E+08 0.3000000000018E-01 0.0000000000000E+00 0.6055920073872E+02
A5 19           0.12400181E+00 0.57400000E-09 0.57400000E-09 0.57400000E-09
 0.1514612476749E+08 0.3000000000003E-01 0.0000000000000E+00 0.6003945871135E+02
A5 20           0.12400181E+00 0.57400000E-09 0.57400000E-09 0.57400000E-09
 0.1514613888142E+08 0.3000000000020E-01 0.0000000000000E+00 0.6057544449258E+02
A5 21           0.12400181E+00 0.57400000E-09 0.57400000E-09 0.57400000E-09
 0.1514612430299E+08 0.3000000000004E-01 0.0000000000000E+00 0.6004150167751E+02
A5 22           0.12400181E+00 0.57400000E-09 0.57400000E-09 0.57400000E-09
 0.1514613800943E+08 0.3000000000023E-01 0.0000000000000E+00 0.6059222409260E+02
A5 23           0.12400181E+00 0.57400000E-09 0.57400000E-09 0.57400000E-09
 0.1514612419865E+08 0.3000000000004E-01 0.0000000000000E+00 0.6004186418307E+02
A5 24           0.12400181E+00 0.57400000E-09 0.57400000E-09 0.57400000E-09
 0.1514613840657E+08 0.3000000000022E-01 0.0000000000000E+00 0.6058435415595E+02
A5 25           0.12400181E+00 0.57400000E-09 0.57400000E-09 0.57400000E-09
 0.1514612404982E+08 0.3000000000004E-01 0.0000000000000E+00 0.6004126173268E+02
A5 26           0.12400181E+00 0.57400000E-09 0.57400000E-09 0.57400000E-09
 0.1514613852267E+08 0.3000000000021E-01 0.0000000000000E+00 0.6058045935905E+02
A5 27           0.12400181E+00 0.57400000E-09 0.57400000E-09 0.57400000E-09
 0.1514611876754E+08 0.3000000000003E-01 0.0000000000000E+00 0.6004492069424E+02
A5 28           0.12400181E+00 0.57400000E-09 0.57400000E-09 0.57400000E-09
 0.1514613159656E+08 0.3000000000022E-01 0.0000000000000E+00 0.6071259239350E+02
A5 29           0.12400181E+00 0.57400000E-09 0.57400000E-09 0.57400000E-09
 0.1514612348563E+08 0.3000000000000E-01 0.0000000000000E+00 0.6000873973699E+02
A5 30           0.12400181E+00 0.57400000E-09 0.57400000E-09 0.57400000E-09
 0.1514612468817E+08 0.2999999999970E-01 0.0000000000000E+00 0.6087599171780E+02
A5 31           0.12400181E+00 0.57400000E-09 0.57400000E-09 0.57400000E-09
 0.1514614556159E+08 0.3000000000003E-01 0.0000000000000E+00 0.6020229220708E+02
A5 32           0.12400181E+00 0.57400000E-09 0.57400000E-09 0.57400000E-09
 0.1514614782662E+08 0.2999999999965E-01 0.0000000000000E+00 0.6040553832299E+02
A5 33           0.12400181E+00 0.57400000E-09 0.57400000E-09 0.57400000E-09
 0.1514614947684E+08 0.3000000000032E-01 0.0000000000000E+00 0.6035344177538E+02
A5 34           0.12400181E+00 0.57400000E-09 0.57400000E-09 0.57400000E-09
 0.1514614960939E+08 0.2999999999889E-01 0.0000000000000E+00 0.6035847459689E+02
A5 35           0.12400181E+00 0.57400000E-09 0.57400000E-09 0.57400000E-09
 0.1514614962034E+08 0.3000000000027E-01 0.0000000000000E+00 0.6035815153884E+02
A5 36           0.12400181E+00 0.57400000E-09 0.57400000E-09 0.57400000E-09
 0.1514614962065E+08 0.2999999999764E-01 0.0000000000000E+00 0.6035816486876E+02
A5 37           0.12400181E+00 0.57400000E-09 0.57400000E-09 0.57400000E-09
 0.1514614962059E+08 0.2999999999900E-01 0.0000000000000E+00 0.6035816638992E+02
A5 38           0.12400181E+00 0.57400000E-09 0.57400000E-09 0.57400000E-09
 0.1514614962082E+08 0.2999999999898E-01 0.0000000000000E+00 0.6035816023027E+02
A5 39           0.12400181E+00 0.57400000E-09 0.57400000E-09 0.57400000E-09
 0.1514614962060E+08 0.2999999999932E-01 0.0000000000000E+00 0.6035816606666E+02
A5 40           0.12400181E+00 0.57400000E-09 0.57400000E-09 0.57400000E-09
 0.1514614961978E+08 0.3000000000058E-01 0.0000000000000E+00 0.6035818850802E+02
A6  1           0.12400304E+00 0.57400000E-09 0.57400000E-09 0.57400000E-09
 0.1524521930323E+08 0.3000000000035E-01 0.0000000000000E+00 0.6079429608352E+02
A6  2           0.12400304E+00 0.57400000E-09 0.57400000E-09 0.57400000E-09
 0.1524521930269E+08 0.3000000000029E-01 0.0000000000000E+00 0.6079388244917E+02
A6  3           0.12400304E+00 0.57400000E-09 0.57400000E-09 0.57400000E-09
 0.1524521929633E+08 0.3000000000022E-01 0.0000000000000E+00 0.6078893453331E+02
A6  4           0.12400304E+00 0.57400000E-09 0.57400000E-09 0.57400000E-09
 0.1524521925187E+08 0.3000000000014E-01 0.0000000000000E+00 0.6075462283531E+02
A6  5           0.12400304E+00 0.57400000E-09 0.57400000E-09 0.57400000E-09
 0.1524521917646E+08 0.3000000000009E-01 0.0000000000000E+00 0.6070220581422E+02
A6  6           0.12400304E+00 0.57400000E-09 0.57400000E-09 0.57400000E-09
 0.1524521906022E+08 0.3000000000007E-01 0.0000000000000E+00 0.6063902782965E+02
A6  7           0.12400304E+00 0.57400000E-09 0.57400000E-09 0.57400000E-09
 0.1524521888485E+08 0.3000000000005E-01 0.0000000000000E+00 0.6057071904262E+02
A6  8           0.12400304E+00 0.57400000E-09 0.57400000E-09 0.57400000E-09
 0.1524521864433E+08 0.3000000000004E-01 0.0000000000000E+00 0.6050122359295E+02
A6  9           0.12400304E+00 0.57400000E-09 0.57400000E-09 0.57400000E-09
 0.1524521837295E+08 0.3000000000004E-01 0.0000000000000E+00 0.6043237999566E+02
A6 10           0.12400304E+00 0.57400000E-09 0.57400000E-09 0.57400000E-09
 0.1524521813539E+08 0.3000000000004E-01 0.0000000000000E+00 0.6036352081091E+02
A6 11           0.12400304E+00 0.57400000E-09 0.57400000E-09 0.57400000E-09
 0.1524521798645E+08 0.3000000000004E-01 0.0000000000000E+00 0.6029201867660E+02
A6 12           0.12400304E+00 0.57400000E-09 0.57400000E-09 0.57400000E-09
 0.1524521792482E+08 0.3000000000004E-01 0.0000000000000E+00 0.6022063673491E+02
A6 13           0.12400304E+00 0.57400000E-09 0.57400000E-09 0.57400000E-09
 0.1524521794082E+08 0.3000000000003E-01 0.0000000000000E+00 0.6013965454607E+02
A6 14           0.12400304E+00 0.57400000E-09 0.57400000E-09 0.57400000E-09
 0.1524521817119E+08 0.3000000000004E-01 0.0000000000000E+00 0.6009736324785E+02
A6 15           0.12400304E+00 0.57400000E-09 0.57400000E-09 0.57400000E-09
 0.1524521987147E+08 0.3000000000008E-01 0.0000000000000E+00 0.6022474171998E+02
A6 16           0.12400304E+00 0.57400000E-09 0.57400000E-09 0.57400000E-09
 0.1524522195036E+08 0.3000000000011E-01 0.0000000000000E+00 0.6053652501148E+02
A6 17           0.12400304E+00 0.57400000E-09 0.57400000E-09 0.57400000E-09
 0.1524521383638E+08 0.3000000000005E-01 0.0000000000000E+00 0.6010935987727E+02
A6 18           0.12400304E+00 0.57400000E-09 0.57400000E-09 0.57400000E-09
 0.1524521518474E+08 0.3000000000018E-01 0.0000000000000E+00 0.6057555905699E+02
A6 19           0.12400304E+00 0.57400000E-09 0.57400000E-09 0.57400000E-09
 0.1524521632715E+08 0.3000000000003E-01 0.0000000000000E+00 0.6002909336058E+02
A6 20           0.12400304E+00 0.57400000E-09 0.57400000E-09 0.57400000E-09
 0.1524521407504E+08 0.3000000000020E-01 0.0000000000000E+00 0.6058290352921E+02
A6 21           0.12400304E+00 0.57400000E-09 0.57400000E-09 0.57400000E-09
 0.1524521570813E+08 0.3000000000004E-01 0.0000000000000E+00 0.6003193760047E+02
A6 22           0.12400304E+00 0.57400000E-09 0.57400000E-09 0.57400000E-09
 0.1524521267203E+08 0.3000000000022E-01 0.0000000000000E+00 0.6059596805726E+02
A6 23           0.12400304E+00 0.57400000E-09 0.57400000E-09 0.57400000E-09
 0.1524521557134E+08 0.3000000000004E-01 0.0000000000000E+00 0.6003253779856E+02
A6 24           0.12400304E+00 0.57400000E-09 0.57400000E-09 0.57400000E-09
 0.1524521327879E+08 0.3000000000022E-01 0.0000000000000E+00 0.6059002874886E+02
A6 25           0.12400304E+00 0.57400000E-09 0.57400000E-09 0.57400000E-09
 0.1524521543337E+08 0.3000000000004E-01 0.0000000000000E+00 0.6003128376724E+02
A6 26           0.12400304E+00 0.57400000E-09 0.57400000E-09 0.57400000E-09
 0.1524521311178E+08 0.3000000000020E-01 0.0000000000000E+00 0.6059103180834E+02
A6 27           0.12400304E+00 0.57400000E-09 0.57400000E-09 0.57400000E-09
 0.1524520929975E+08 0.3000000000003E-01 0.0000000000000E+00 0.6003591748249E+02
A6 28           0.12400304E+00 0.57400000E-09 0.57400000E-09 0.57400000E-09
 0.1524520015243E+08 0.3000000000022E-01 0.0000000000000E+00 0.6072013280483E+02
A6 29           0.12400304E+00 0.57400000E-09 0.57400000E-09 0.57400000E-09
 0.1524521633459E+08 0.3000000000000E-01 0.0000000000000E+00 0.6001562391509E+02
A6 30           0.12400304E+00 0.57400000E-09 0.57400000E-09 0.57400000E-09
 0.1524518099862E+08 0.2999999999974E-01 0.0000000000000E+00 0.6099698625128E+02
A6 31           0.12400304E+00 0.57400000E-09 0.57400000E-09 0.57400000E-09
 0.1524522872697E+08 0.3000000000003E-01 0.0000000000000E+00 0.6037365013285E+02
A6 32           0.12400304E+00 0.57400000E-09 0.57400000E-09 0.57400000E-09
 0.1524522106207E+08 0.2999999999920E-01 0.0000000000000E+00 0.6064228447946E+02
A6 33           0.12400304E+00 0.57400000E-09 0.57400000E-09 0.57400000E-09
 0.1524522506054E+08 0.2999999999886E-01 0.0000000000000E+00 0.6058365136601E+02
A6 34           0.12400304E+00 0.57400000E-09 0.57400000E-09 0.57400000E-09
 0.1524522495888E+08 0.2999999999900E-01 0.0000000000000E+00 0.6059000529397E+02
A6 35           0.12400304E+00 0.57400000E-09 0.57400000E-09 0.57400000E-09
 0.1524522498476E+08 0.2999999999863E-01 0.0000000000000E+00 0.6058962223400E+02
A6 36           0.12400304E+00 0.57400000E-09 0.57400000E-09 0.57400000E-09
 0.1524522498445E+08 0.2999999999904E-01 0.0000000000000E+00 0.6058963879264E+02
A6 37           0.12400304E+00 0.57400000E-09 0.57400000E-09 0.57400000E-09
 0.1524522498430E+08 0.2999999999913E-01 0.0000000000000E+00 0.6058964088753E+02
A6 38           0.12400304E+00 0.57400000E-09 0.57400000E-09 0.57400000E-09
 0.1524522498492E+08 0.2999999999764E-01 0.0000000000000E+00 0.6058963097692E+02
A6 39           0.12400304E+00 0.57400000E-09 0.57400000E-09 0.57400000E-09
 0.1524522498432E+08 0.2999999999949E-01 0.0000000000000E+00 0.6058964064017E+02
A6 40           0.12400304E+00 0.57400000E-09 0.57400000E-09 0.57400000E-09
 0.1524522498205E+08 0.2999999999862E-01 0.0000000000000E+00 0.6058967819423E+02
A7  1           0.12400427E+00 0.57400000E-09 0.57400000E-09 0.57400000E-09
 0.1534430277970E+08 0.3000000000035E-01 0.0000000000000E+00 0.6079146087285E+02
A7  2           0.12400427E+00 0.57400000E-09 0.57400000E-09 0.57400000E-09
 0.1534430278053E+08 0.3000000000028E-01 0.0000000000000E+00 0.6079098617872E+02
A7  3           0.12400427E+00 0.57400000E-09 0.57400000E-09 0.57400000E-09
 0.1534430279054E+08 0.3000000000021E-01 0.0000000000000E+00 0.6078533953492E+02
A7  4           0.12400427E+00 0.57400000E-09 0.57400000E-09 0.57400000E-09
 0.1534430286718E+08 0.3000000000014E-01 0.0000000000000E+00 0.6074778092918E+02
A7  5           0.12400427E+00 0.57400000E-09 0.57400000E-09 0.57400000E-09
 0.1534430301140E+08 0.3000000000009E-01 0.0000000000000E+00 0.6069156207733E+02
A7  6           0.12400427E+00 0.57400000E-09 0.57400000E-09 0.57400000E-09
 0.1534430321731E+08 0.3000000000006E-01 0.0000000000000E+00 0.6062425516736E+02
A7  7           0.12400427E+00 0.57400000E-09 0.57400000E-09 0.57400000E-09
 0.1534430347104E+08 0.3000000000005E-01 0.0000000000000E+00 0.6055087705199E+02
A7  8           0.12400427E+00 0.57400000E-09 0.57400000E-09 0.57400000E-09
 0.1534430376476E+08 0.3000000000004E-01 0.0000000000000E+00 0.6047505245917E+02
A7  9           0.12400427E+00 0.57400000E-09 0.57400000E-09 0.57400000E-09
 0.1534430410937E+08 0.3000000000004E-01 0.0000000000000E+00 0.6040005891906E+02
A7 10           0.12400427E+00 0.57400000E-09 0.57400000E-09 0.57400000E-09
 0.1534430453054E+08 0.3000000000004E-01 0.0000000000000E+00 0.6032911393737E+02
A7 11           0.12400427E+00 0.57400000E-09 0.57400000E-09 0.57400000E-09
 0.1534430504123E+08 0.3000000000004E-01 0.0000000000000E+00 0.6026545685162E+02
A7 12           0.12400427E+00 0.57400000E-09 0.57400000E-09 0.57400000E-09
 0.1534430559248E+08 0.3000000000004E-01 0.0000000000000E+00 0.6020770563304E+02
A7 13           0.12400427E+00 0.57400000E-09 0.57400000E-09 0.57400000E-09
 0.1534430628146E+08 0.3000000000003E-01 0.0000000000000E+00 0.6014561824888E+02
A7 14           0.12400427E+00 0.57400000E-09 0.57400000E-09 0.57400000E-09
 0.1534430695641E+08 0.3000000000004E-01 0.0000000000000E+00 0.6010625265265E+02
A7 15           0.12400427E+00 0.57400000E-09 0.57400000E-09 0.57400000E-09
 0.1534430744244E+08 0.3000000000008E-01 0.0000000000000E+00 0.6023270156044E+02
A7 16           0.12400427E+00 0.57400000E-09 0.57400000E-09 0.57400000E-09
 0.1534430529103E+08 0.3000000000011E-01 0.0000000000000E+00 0.6053255090982E+02
A7 17           0.12400427E+00 0.57400000E-09 0.57400000E-09 0.57400000E-09
 0.1534430502061E+08 0.3000000000005E-01 0.0000000000000E+00 0.6010644386318E+02
A7 18           0.12400427E+00 0.57400000E-09 0.57400000E-09 0.57400000E-09
 0.1534429442264E+08 0.3000000000018E-01 0.0000000000000E+00 0.6056062523785E+02
A7 19           0.12400427E+00 0.57400000E-09 0.57400000E-09 0.57400000E-09
 0.1534431205832E+08 0.3000000000003E-01 0.0000000000000E+00 0.6002660588188E+02
A7 20           0.12400427E+00 0.57400000E-09 0.57400000E-09 0.57400000E-09
 0.1534429336237E+08 0.3000000000020E-01 0.0000000000000E+00 0.6056318836989E+02
A7 21           0.12400427E+00 0.57400000E-09 0.57400000E-09 0.57400000E-09
 0.1534431124621E+08 0.3000000000004E-01 0.0000000000000E+00 0.6003077470803E+02
A7 22           0.12400427E+00 0.57400000E-09 0.57400000E-09 0.57400000E-09
 0.1534429153026E+08 0.3000000000022E-01 0.0000000000000E+00 0.6057490720123E+02
A7 23           0.12400427E+00 0.57400000E-09 0.57400000E-09 0.57400000E-09
 0.1534431106199E+08 0.3000000000004E-01 0.0000000000000E+00 0.6003190845395E+02
A7 24           0.12400427E+00 0.57400000E-09 0.57400000E-09 0.57400000E-09
 0.1534429231367E+08 0.3000000000022E-01 0.0000000000000E+00 0.6056900284185E+02
A7 25           0.12400427E+00 0.57400000E-09 0.57400000E-09 0.57400000E-09
 0.1534431098355E+08 0.3000000000004E-01 0.0000000000000E+00 0.6002900188186E+02
A7 26           0.12400427E+00 0.57400000E-09 0.57400000E-09 0.57400000E-09
 0.1534429181702E+08 0.3000000000020E-01 0.0000000000000E+00 0.6056959095981E+02
A7 27           0.12400427E+00 0.57400000E-09 0.57400000E-09 0.57400000E-09
 0.1534430405413E+08 0.3000000000003E-01 0.0000000000000E+00 0.6003048082005E+02
A7 28           0.12400427E+00 0.57400000E-09 0.57400000E-09 0.57400000E-09
 0.1534427255938E+08 0.3000000000022E-01 0.0000000000000E+00 0.6070553528400E+02
A7 29           0.12400427E+00 0.57400000E-09 0.57400000E-09 0.57400000E-09
 0.1534431219583E+08 0.3000000000000E-01 0.0000000000000E+00 0.6005112668089E+02
A7 30           0.12400427E+00 0.57400000E-09 0.57400000E-09 0.57400000E-09
 0.1534423608539E+08 0.2999999999977E-01 0.0000000000000E+00 0.6107547293693E+02
A7 31           0.12400427E+00 0.57400000E-09 0.57400000E-09 0.57400000E-09
 0.1534430661454E+08 0.2999999999993E-01 0.0000000000000E+00 0.6058355116144E+02
A7 32           0.12400427E+00 0.57400000E-09 0.57400000E-09 0.57400000E-09
 0.1534428677053E+08 0.2999999999875E-01 0.0000000000000E+00 0.6087419344103E+02
A7 33           0.12400427E+00 0.57400000E-09 0.57400000E-09 0.57400000E-09
 0.1534429328985E+08 0.2999999999690E-01 0.0000000000000E+00 0.6081590188682E+02
A7 34           0.12400427E+00 0.57400000E-09 0.57400000E-09 0.57400000E-09
 0.1534429291587E+08 0.2999999999851E-01 0.0000000000000E+00 0.6082235841188E+02
A7 35           0.12400427E+00 0.57400000E-09 0.57400000E-09 0.57400000E-09
 0.1534429295894E+08 0.2999999999700E-01 0.0000000000000E+00 0.6082194581323E+02
A7 36           0.12400427E+00 0.57400000E-09 0.57400000E-09 0.57400000E-09
 0.1534429295793E+08 0.2999999999715E-01 0.0000000000000E+00 0.6082196240581E+02
A7 37           0.12400427E+00 0.57400000E-09 0.57400000E-09 0.57400000E-09
 0.1534429295768E+08 0.2999999999708E-01 0.0000000000000E+00 0.6082196475023E+02
A7 38           0.12400427E+00 0.57400000E-09 0.57400000E-09 0.57400000E-09
 0.1534429295886E+08 0.2999999999708E-01 0.0000000000000E+00 0.6082195108364E+02
A7 39           0.12400427E+00 0.57400000E-09 0.57400000E-09 0.57400000E-09
 0.1534429295770E+08 0.2999999999719E-01 0.0000000000000E+00 0.6082196460306E+02
A7 40           0.12400427E+00 0.57400000E-09 0.57400000E-09 0.57400000E-09
 0.1534429295323E+08 0.2999999999969E-01 0.0000000000000E+00 0.6082201789675E+02
A8  1           0.12400611E+00 0.57400000E-09 0.57400000E-09 0.57400000E-09
 0.1549293495544E+08 0.3000000000035E-01 0.0000000000000E+00 0.6078257571997E+02
A8  2           0.12400611E+00 0.57400000E-09 0.57400000E-09 0.57400000E-09
 0.1549293496017E+08 0.3000000000029E-01 0.0000000000000E+00 0.6078200241741E+02
A8  3           0.12400611E+00 0.57400000E-09 0.57400000E-09 0.57400000E-09
 0.1549293501696E+08 0.3000000000022E-01 0.0000000000000E+00 0.6077531173825E+02
A8  4           0.12400611E+00 0.57400000E-09 0.57400000E-09 0.57400000E-09
 0.1549293542900E+08 0.3000000000014E-01 0.0000000000000E+00 0.6073500417187E+02
A8  5           0.12400611E+00 0.57400000E-09 0.57400000E-09 0.57400000E-09
 0.1549293614220E+08 0.3000000000009E-01 0.0000000000000E+00 0.6067673198223E+02
A8  6           0.12400611E+00 0.57400000E-09 0.57400000E-09 0.57400000E-09
 0.1549293711451E+08 0.3000000000007E-01 0.0000000000000E+00 0.6060833462070E+02
A8  7           0.12400611E+00 0.57400000E-09 0.57400000E-09 0.57400000E-09
 0.1549293828083E+08 0.3000000000005E-01 0.0000000000000E+00 0.6053438721550E+02
A8  8           0.12400611E+00 0.57400000E-09 0.57400000E-09 0.57400000E-09
 0.1549293956277E+08 0.3000000000004E-01 0.0000000000000E+00 0.6045817093451E+02
A8  9           0.12400611E+00 0.57400000E-09 0.57400000E-09 0.57400000E-09
 0.1549294087592E+08 0.3000000000004E-01 0.0000000000000E+00 0.6038352708175E+02
A8 10           0.12400611E+00 0.57400000E-09 0.57400000E-09 0.57400000E-09
 0.1549294213828E+08 0.3000000000004E-01 0.0000000000000E+00 0.6031586891803E+02
A8 11           0.12400611E+00 0.57400000E-09 0.57400000E-09 0.57400000E-09
 0.1549294327978E+08 0.3000000000003E-01 0.0000000000000E+00 0.6026224115005E+02
A8 12           0.12400611E+00 0.57400000E-09 0.57400000E-09 0.57400000E-09
 0.1549294425352E+08 0.3000000000003E-01 0.0000000000000E+00 0.6021800218969E+02
A8 13           0.12400611E+00 0.57400000E-09 0.57400000E-09 0.57400000E-09
 0.1549294527029E+08 0.3000000000003E-01 0.0000000000000E+00 0.6017426447014E+02
A8 14           0.12400611E+00 0.57400000E-09 0.57400000E-09 0.57400000E-09
 0.1549294598196E+08 0.3000000000004E-01 0.0000000000000E+00 0.6014189840260E+02
A8 15           0.12400611E+00 0.57400000E-09 0.57400000E-09 0.57400000E-09
 0.1549294485696E+08 0.3000000000008E-01 0.0000000000000E+00 0.6027406543994E+02
A8 16           0.12400611E+00 0.57400000E-09 0.57400000E-09 0.57400000E-09
 0.1549293793356E+08 0.3000000000011E-01 0.0000000000000E+00 0.6051883830048E+02
A8 17           0.12400611E+00 0.57400000E-09 0.57400000E-09 0.57400000E-09
 0.1549294854982E+08 0.3000000000006E-01 0.0000000000000E+00 0.6013081186434E+02
A8 18           0.12400611E+00 0.57400000E-09 0.57400000E-09 0.57400000E-09
 0.1549292077666E+08 0.3000000000019E-01 0.0000000000000E+00 0.6055416442775E+02
A8 19           0.12400611E+00 0.57400000E-09 0.57400000E-09 0.57400000E-09
 0.1549296217066E+08 0.3000000000003E-01 0.0000000000000E+00 0.6006263787766E+02
A8 20           0.12400611E+00 0.57400000E-09 0.57400000E-09 0.57400000E-09
 0.1549291993379E+08 0.3000000000021E-01 0.0000000000000E+00 0.6055551290877E+02
A8 21           0.12400611E+00 0.57400000E-09 0.57400000E-09 0.57400000E-09
 0.1549296089665E+08 0.3000000000004E-01 0.0000000000000E+00 0.6007079675333E+02
A8 22           0.12400611E+00 0.57400000E-09 0.57400000E-09 0.57400000E-09
 0.1549291747945E+08 0.3000000000024E-01 0.0000000000000E+00 0.6056687819087E+02
A8 23           0.12400611E+00 0.57400000E-09 0.57400000E-09 0.57400000E-09
 0.1549296056104E+08 0.3000000000004E-01 0.0000000000000E+00 0.6007381820716E+02
A8 24           0.12400611E+00 0.57400000E-09 0.57400000E-09 0.57400000E-09
 0.1549291857585E+08 0.3000000000023E-01 0.0000000000000E+00 0.6056035649684E+02
A8 25           0.12400611E+00 0.57400000E-09 0.57400000E-09 0.57400000E-09
 0.1549296084208E+08 0.3000000000004E-01 0.0000000000000E+00 0.6006491265773E+02
A8 26           0.12400611E+00 0.57400000E-09 0.57400000E-09 0.57400000E-09
 0.1549291786895E+08 0.3000000000021E-01 0.0000000000000E+00 0.6055613574178E+02
A8 27           0.12400611E+00 0.57400000E-09 0.57400000E-09 0.57400000E-09
 0.1549295322050E+08 0.3000000000003E-01 0.0000000000000E+00 0.6005687913495E+02
A8 28           0.12400611E+00 0.57400000E-09 0.57400000E-09 0.57400000E-09
 0.1549288819531E+08 0.3000000000024E-01 0.0000000000000E+00 0.6070642471352E+02
A8 29           0.12400611E+00 0.57400000E-09 0.57400000E-09 0.57400000E-09
 0.1549295718479E+08 0.2999999999999E-01 0.0000000000000E+00 0.6020054417937E+02
A8 30           0.12400611E+00 0.57400000E-09 0.57400000E-09 0.57400000E-09
 0.1549281939966E+08 0.2999999999979E-01 0.0000000000000E+00 0.6116005562789E+02
A8 31           0.12400611E+00 0.57400000E-09 0.57400000E-09 0.57400000E-09
 0.1549290966380E+08 0.2999999999944E-01 0.0000000000000E+00 0.6095746510627E+02
A8 32           0.12400611E+00 0.57400000E-09 0.57400000E-09 0.57400000E-09
 0.1549287198516E+08 0.2999999999860E-01 0.0000000000000E+00 0.6120504810021E+02
A8 33           0.12400611E+00 0.57400000E-09 0.57400000E-09 0.57400000E-09
 0.1549288147357E+08 0.2999999999619E-01 0.0000000000000E+00 0.6117039047034E+02
A8 34           0.12400611E+00 0.57400000E-09 0.57400000E-09 0.57400000E-09
 0.1549288072323E+08 0.2999999999782E-01 0.0000000000000E+00 0.6117562026047E+02
A8 35           0.12400611E+00 0.57400000E-09 0.57400000E-09 0.57400000E-09
 0.1549288078903E+08 0.2999999999672E-01 0.0000000000000E+00 0.6117533159369E+02
A8 36           0.12400611E+00 0.57400000E-09 0.57400000E-09 0.57400000E-09
 0.1549288078709E+08 0.2999999999614E-01 0.0000000000000E+00 0.6117534417568E+02
A8 37           0.12400611E+00 0.57400000E-09 0.57400000E-09 0.57400000E-09
 0.1549288078667E+08 0.2999999999661E-01 0.0000000000000E+00 0.6117534641050E+02
A8 38           0.12400611E+00 0.57400000E-09 0.57400000E-09 0.57400000E-09
 0.1549288078903E+08 0.2999999999614E-01 0.0000000000000E+00 0.6117532759943E+02
A8 39           0.12400611E+00 0.57400000E-09 0.57400000E-09 0.57400000E-09
 0.1549288078669E+08 0.2999999999656E-01 0.0000000000000E+00 0.6117534672074E+02
A8 40           0.12400611E+00 0.57400000E-09 0.57400000E-09 0.57400000E-09
 0.1549288077748E+08 0.2999999999633E-01 0.0000000000000E+00 0.6117542331373E+02
A9  1           0.12400857E+00 0.57400000E-09 0.57400000E-09 0.57400000E-09
 0.1569111349034E+08 0.3000000000038E-01 0.0000000000000E+00 0.6081269218041E+02
A9  2           0.12400857E+00 0.57400000E-09 0.57400000E-09 0.57400000E-09
 0.1569111350353E+08 0.3000000000031E-01 0.0000000000000E+00 0.6081204283640E+02
A9  3           0.12400857E+00 0.57400000E-09 0.57400000E-09 0.57400000E-09
 0.1569111366160E+08 0.3000000000024E-01 0.0000000000000E+00 0.6080477691045E+02
A9  4           0.12400857E+00 0.57400000E-09 0.57400000E-09 0.57400000E-09
 0.1569111478192E+08 0.3000000000017E-01 0.0000000000000E+00 0.6076856469317E+02
A9  5           0.12400857E+00 0.57400000E-09 0.57400000E-09 0.57400000E-09
 0.1569111661725E+08 0.3000000000012E-01 0.0000000000000E+00 0.6072267276200E+02
A9  6           0.12400857E+00 0.57400000E-09 0.57400000E-09 0.57400000E-09
 0.1569111899434E+08 0.3000000000008E-01 0.0000000000000E+00 0.6067530528070E+02
A9  7           0.12400857E+00 0.57400000E-09 0.57400000E-09 0.57400000E-09
 0.1569112173153E+08 0.3000000000006E-01 0.0000000000000E+00 0.6062941958221E+02
A9  8           0.12400857E+00 0.57400000E-09 0.57400000E-09 0.57400000E-09
 0.1569112465179E+08 0.3000000000005E-01 0.0000000000000E+00 0.6058529319125E+02
A9  9           0.12400857E+00 0.57400000E-09 0.57400000E-09 0.57400000E-09
 0.1569112758123E+08 0.3000000000004E-01 0.0000000000000E+00 0.6054206417424E+02
A9 10           0.12400857E+00 0.57400000E-09 0.57400000E-09 0.57400000E-09
 0.1569113035152E+08 0.3000000000004E-01 0.0000000000000E+00 0.6049823509429E+02
A9 11           0.12400857E+00 0.57400000E-09 0.57400000E-09 0.57400000E-09
 0.1569113280727E+08 0.3000000000004E-01 0.0000000000000E+00 0.6045154782843E+02
A9 12           0.12400857E+00 0.57400000E-09 0.57400000E-09 0.57400000E-09
 0.1569113481170E+08 0.3000000000003E-01 0.0000000000000E+00 0.6040905410045E+02
A9 13           0.12400857E+00 0.57400000E-09 0.57400000E-09 0.57400000E-09
 0.1569113672596E+08 0.3000000000003E-01 0.0000000000000E+00 0.6036866338389E+02
A9 14           0.12400857E+00 0.57400000E-09 0.57400000E-09 0.57400000E-09
 0.1569113746678E+08 0.3000000000004E-01 0.0000000000000E+00 0.6033209925996E+02
A9 15           0.12400857E+00 0.57400000E-09 0.57400000E-09 0.57400000E-09
 0.1569113125665E+08 0.3000000000006E-01 0.0000000000000E+00 0.6051715788376E+02
A9 16           0.12400857E+00 0.57400000E-09 0.57400000E-09 0.57400000E-09
 0.1569111931958E+08 0.3000000000012E-01 0.0000000000000E+00 0.6062519309767E+02
A9 17           0.12400857E+00 0.57400000E-09 0.57400000E-09 0.57400000E-09
 0.1569114503825E+08 0.3000000000006E-01 0.0000000000000E+00 0.6035203186890E+02
A9 18           0.12400857E+00 0.57400000E-09 0.57400000E-09 0.57400000E-09
 0.1569109298061E+08 0.3000000000026E-01 0.0000000000000E+00 0.6069772737794E+02
A9 19           0.12400857E+00 0.57400000E-09 0.57400000E-09 0.57400000E-09
 0.1569116413526E+08 0.3000000000003E-01 0.0000000000000E+00 0.6033711140981E+02
A9 20           0.12400857E+00 0.57400000E-09 0.57400000E-09 0.57400000E-09
 0.1569109200597E+08 0.3000000000030E-01 0.0000000000000E+00 0.6070375802306E+02
A9 21           0.12400857E+00 0.57400000E-09 0.57400000E-09 0.57400000E-09
 0.1569116174748E+08 0.3000000000004E-01 0.0000000000000E+00 0.6035230058233E+02
A9 22           0.12400857E+00 0.57400000E-09 0.57400000E-09 0.57400000E-09
 0.1569108861520E+08 0.3000000000034E-01 0.0000000000000E+00 0.6071488317975E+02
A9 23           0.12400857E+00 0.57400000E-09 0.57400000E-09 0.57400000E-09
 0.1569116094323E+08 0.3000000000004E-01 0.0000000000000E+00 0.6035929030218E+02
A9 24           0.12400857E+00 0.57400000E-09 0.57400000E-09 0.57400000E-09
 0.1569109030680E+08 0.3000000000033E-01 0.0000000000000E+00 0.6070713453726E+02
A9 25           0.12400857E+00 0.57400000E-09 0.57400000E-09 0.57400000E-09
 0.1569116263129E+08 0.3000000000004E-01 0.0000000000000E+00 0.6033738904182E+02
A9 26           0.12400857E+00 0.57400000E-09 0.57400000E-09 0.57400000E-09
 0.1569109024663E+08 0.3000000000030E-01 0.0000000000000E+00 0.6069375365458E+02
A9 27           0.12400857E+00 0.57400000E-09 0.57400000E-09 0.57400000E-09
 0.1569115611713E+08 0.3000000000003E-01 0.0000000000000E+00 0.6030398020934E+02
A9 28           0.12400857E+00 0.57400000E-09 0.57400000E-09 0.57400000E-09
 0.1569104440601E+08 0.3000000000039E-01 0.0000000000000E+00 0.6087113234694E+02
A9 29           0.12400857E+00 0.57400000E-09 0.57400000E-09 0.57400000E-09
 0.1569113805433E+08 0.2999999999998E-01 0.0000000000000E+00 0.6065548188225E+02
A9 30           0.12400857E+00 0.57400000E-09 0.57400000E-09 0.57400000E-09
 0.1569092538322E+08 0.2999999999993E-01 0.0000000000000E+00 0.6140782743533E+02
A9 31           0.12400857E+00 0.57400000E-09 0.57400000E-09 0.57400000E-09
 0.1569101623132E+08 0.2999999999798E-01 0.0000000000000E+00 0.6151177261575E+02
A9 32           0.12400857E+00 0.57400000E-09 0.57400000E-09 0.57400000E-09
 0.1569095943838E+08 0.2999999999649E-01 0.0000000000000E+00 0.6168266325470E+02
A9 33           0.12400857E+00 0.57400000E-09 0.57400000E-09 0.57400000E-09
 0.1569097065685E+08 0.2999999999536E-01 0.0000000000000E+00 0.6167510814574E+02
A9 34           0.12400857E+00 0.57400000E-09 0.57400000E-09 0.57400000E-09
 0.1569096950125E+08 0.2999999999674E-01 0.0000000000000E+00 0.6167892964985E+02
A9 35           0.12400857E+00 0.57400000E-09 0.57400000E-09 0.57400000E-09
 0.1569096958461E+08 0.2999999999536E-01 0.0000000000000E+00 0.6167881209763E+02
A9 36           0.12400857E+00 0.57400000E-09 0.57400000E-09 0.57400000E-09
 0.1569096958175E+08 0.2999999999567E-01 0.0000000000000E+00 0.6167882020449E+02
A9 37           0.12400857E+00 0.57400000E-09 0.57400000E-09 0.57400000E-09
 0.1569096958115E+08 0.2999999999521E-01 0.0000000000000E+00 0.6167882168961E+02
A9 38           0.12400857E+00 0.57400000E-09 0.57400000E-09 0.57400000E-09
 0.1569096958541E+08 0.2999999999534E-01 0.0000000000000E+00 0.6167880150266E+02
A9 39           0.12400857E+00 0.57400000E-09 0.57400000E-09 0.57400000E-09
 0.1569096958111E+08 0.2999999999761E-01 0.0000000000000E+00 0.6167882239751E+02
A9 40           0.12400857E+00 0.57400000E-09 0.57400000E-09 0.57400000E-09
 0.1569096956403E+08 0.2999999999467E-01 0.0000000000000E+00 0.6167890722282E+02
AA  1           0.21995356E-01 0.80000000E-11 0.80000000E-11 0.80000000E-11
 0.1588919225210E+08 0.3000000000611E-01 0.0000000000000E+00 0.6300000000000E+02
AA  2           0.21995356E-01 0.80000000E-11 0.80000000E-11 0.80000000E-11
 0.1588919226245E+08 0.3000000000687E-01 0.0000000000000E+00 0.6300000000000E+02
AA  3           0.21995356E-01 0.80000000E-11 0.80000000E-11 0.80000000E-11
 0.1588919238647E+08 0.3000000000706E-01 0.0000000000000E+00 0.6300000000000E+02
AA  4           0.21995356E-01 0.80000000E-11 0.80000000E-11 0.80000000E-11
 0.1588919326746E+08 0.3000000000659E-01 0.0000000000000E+00 0.6300000000000E+02
AA  5           0.21995356E-01 0.80000000E-11 0.80000000E-11 0.80000000E-11
 0.1588919472726E+08 0.3000000000565E-01 0.0000000000000E+00 0.6300000000000E+02
AA  6           0.21995356E-01 0.80000000E-11 0.80000000E-11 0.80000000E-11
 0.1588919665002E+08 0.3000000000461E-01 0.0000000000000E+00 0.6300000000000E+02
AA  7           0.21995356E-01 0.80000000E-11 0.80000000E-11 0.80000000E-11
 0.1588919891600E+08 0.3000000000366E-01 0.0000000000000E+00 0.6300000000000E+02
AA  8           0.21995356E-01 0.80000000E-11 0.80000000E-11 0.80000000E-11
 0.1588920141285E+08 0.3000000000285E-01 0.0000000000000E+00 0.6300000000000E+02
AA  9           0.21995356E-01 0.80000000E-11 0.80000000E-11 0.80000000E-11
 0.1588920403553E+08 0.3000000000218E-01 0.0000000000000E+00 0.6300000000000E+02
AA 10           0.21995356E-01 0.80000000E-11 0.80000000E-11 0.80000000E-11
 0.1588920668706E+08 0.3000000000164E-01 0.0000000000000E+00 0.6300000000000E+02
AA 11           0.21995356E-01 0.80000000E-11 0.80000000E-11 0.80000000E-11
 0.1588920927992E+08 0.3000000000119E-01 0.0000000000000E+00 0.6300000000000E+02
AA 12           0.21995356E-01 0.80000000E-11 0.80000000E-11 0.80000000E-11
 0.1588921173133E+08 0.3000000000082E-01 0.0000000000000E+00 0.6300000000000E+02
AA 13           0.21995356E-01 0.80000000E-11 0.80000000E-11 0.80000000E-11
 0.1588921473966E+08 0.3000000000052E-01 0.0000000000000E+00 0.6300000000000E+02
AA 14           0.21995356E-01 0.80000000E-11 0.80000000E-11 0.80000000E-11
 0.1588921701106E+08 0.3000000000017E-01 0.0000000000000E+00 0.6300000000000E+02
AA 15           0.21995356E-01 0.80000000E-11 0.80000000E-11 0.80000000E-11
 0.1588920517466E+08 0.3000000000036E-01 0.0000000000000E+00 0.6300000000000E+02
AA 16           0.21995356E-01 0.80000000E-11 0.80000000E-11 0.80000000E-11
 0.1588919479053E+08 0.3000000000396E-01 0.0000000000000E+00 0.6300000000000E+02
AA 17           0.21995356E-01 0.80000000E-11 0.80000000E-11 0.80000000E-11
 0.1588922386980E+08 0.3000000000139E-01 0.0000000000000E+00 0.6300000000000E+02
AA 18           0.21995356E-01 0.80000000E-11 0.80000000E-11 0.80000000E-11
 0.1588916159401E+08 0.3000000001190E-01 0.0000000000000E+00 0.6300000000000E+02
AA 19           0.21995356E-01 0.80000000E-11 0.80000000E-11 0.80000000E-11
 0.1588924371382E+08 0.3000000000456E-01 0.0000000000000E+00 0.6300000000000E+02
AA 20           0.21995356E-01 0.80000000E-11 0.80000000E-11 0.80000000E-11
 0.1588916048376E+08 0.3000000001531E-01 0.0000000000000E+00 0.6300000000000E+02
AA 21           0.21995356E-01 0.80000000E-11 0.80000000E-11 0.80000000E-11
 0.1588924059428E+08 0.3000000000551E-01 0.0000000000000E+00 0.6300000000000E+02
AA 22           0.21995356E-01 0.80000000E-11 0.80000000E-11 0.80000000E-11
 0.1588915669594E+08 0.3000000001772E-01 0.0000000000000E+00 0.6300000000000E+02
AA 23           0.21995356E-01 0.80000000E-11 0.80000000E-11 0.80000000E-11
 0.1588923945351E+08 0.3000000000727E-01 0.0000000000000E+00 0.6300000000000E+02
AA 24           0.21995356E-01 0.80000000E-11 0.80000000E-11 0.80000000E-11
 0.1588915867712E+08 0.3000000001675E-01 0.0000000000000E+00 0.6300000000000E+02
AA 25           0.21995356E-01 0.80000000E-11 0.80000000E-11 0.80000000E-11
 0.1588924219573E+08 0.3000000000459E-01 0.0000000000000E+00 0.6300000000000E+02
AA 26           0.21995356E-01 0.80000000E-11 0.80000000E-11 0.80000000E-11
 0.1588915912737E+08 0.3000000001481E-01 0.0000000000000E+00 0.6300000000000E+02
AA 27           0.21995356E-01 0.80000000E-11 0.80000000E-11 0.80000000E-11
 0.1588923727302E+08 0.3000000000393E-01 0.0000000000000E+00 0.6300000000000E+02
AA 28           0.21995356E-01 0.80000000E-11 0.80000000E-11 0.80000000E-11
 0.1588910416203E+08 0.3000000002280E-01 0.0000000000000E+00 0.6300000000000E+02
AA 29           0.21995356E-01 0.80000000E-11 0.80000000E-11 0.80000000E-11
 0.1588920227307E+08 0.3000000001944E-01 0.0000000000000E+00 0.6300000000000E+02
AA 30           0.21995356E-01 0.80000000E-11 0.80000000E-11 0.80000000E-11
 0.1588895655629E+08 0.3000000004124E-01 0.0000000000000E+00 0.6300000000000E+02
AA 31           0.21995356E-01 0.80000000E-11 0.80000000E-11 0.80000000E-11
 0.1588903887096E+08 0.3000000004394E-01 0.0000000000000E+00 0.6300000000000E+02
AA 32           0.21995356E-01 0.80000000E-11 0.80000000E-11 0.80000000E-11
 0.1588897405483E+08 0.3000000005669E-01 0.0000000000000E+00 0.6300000000000E+02
AA 33           0.21995356E-01 0.80000000E-11 0.80000000E-11 0.80000000E-11
 0.1588898531863E+08 0.3000000004179E-01 0.0000000000000E+00 0.6300000000000E+02
AA 34           0.21995356E-01 0.80000000E-11 0.80000000E-11 0.80000000E-11
 0.1588898397883E+08 0.3000000004846E-01 0.0000000000000E+00 0.6300000000000E+02
AA 35           0.21995356E-01 0.80000000E-11 0.80000000E-11 0.80000000E-11
 0.1588898406549E+08 0.3000000005012E-01 0.0000000000000E+00 0.6300000000000E+02
AA 36           0.21995356E-01 0.80000000E-11 0.80000000E-11 0.80000000E-11
 0.1588898406224E+08 0.3000000004987E-01 0.0000000000000E+00 0.6300000000000E+02
AA 37           0.21995356E-01 0.80000000E-11 0.80000000E-11 0.80000000E-11
 0.1588898406156E+08 0.3000000004897E-01 0.0000000000000E+00 0.6300000000000E+02
AA 38           0.21995356E-01 0.80000000E-11 0.80000000E-11 0.80000000E-11
 0.1588898406681E+08 0.3000000005847E-01 0.0000000000000E+00 0.6300000000000E+02
AA 39           0.21995356E-01 0.80000000E-11 0.80000000E-11 0.80000000E-11
 0.1588898406149E+08 0.3000000005003E-01 0.0000000000000E+00 0.6300000000000E+02
AA 40           0.21995356E-01 0.80000000E-11 0.80000000E-11 0.80000000E-11
 0.1588898404025E+08 0.3000000004839E-01 0.0000000000000E+00 0.6300000000000E+02



